100
1000
16 69 96
64 35 41
72 42 39
22 41 13
24 41 91
60 16 10
43 6 50
42 41 28
26 58 48
83 18 76
57 26 35
84 53 11
72 3 95
20 47 39
56 84 7
11 5 55
64 9 19
19 25 62
77 51 10
6 18 60
63 65 44
75 99 60
15 89 21
18 76 62
56 86 5
3 32 79
80 37 30
12 81 72
54 41 39
50 47 37
71 72 98
56 51 61
66 93 47
11 22 8
24 90 93
7 1 3
86 91 36
40 3 84
14 83 41
49 26 59
92 27 38
65 91 93
80 70 75
73 58 48
78 95 21
23 64 50
92 96 97
41 76 15
52 1 9
89 59 81
24 88 39
71 26 81
28 89 4
19 61 36
73 3 49
33 94 51
70 12 37
71 82 83
45 61 56
45 98 46
59 55 38
65 70 68
99 20 63
86 61 14
49 41 57
30 38 66
61 76 66
55 91 59
72 59 73
88 20 3
19 62 5
22 6 35
71 87 2
4 39 27
63 10 99
25 43 92
3 16 19
3 48 67
14 93 83
59 75 53
48 92 45
8 78 84
20 45 34
90 79 28
51 31 57
26 20 24
38 64 20
41 51 65
10 66 44
36 63 32
60 62 97
80 17 72
39 56 89
49 14 45
37 23 28
59 8 70
35 0 90
15 69 5
99 81 72
25 45 37
79 9 31
37 89 72
97 75 53
95 72 75
30 82 27
10 45 13
94 30 6
77 97 70
79 10 98
41 31 12
42 52 98
42 5 0
67 73 87
84 59 89
43 28 89
46 29 10
46 37 81
57 89 45
32 95 41
40 83 69
49 1 37
13 63 41
78 47 25
42 74 35
65 2 10
40 25 48
14 97 55
8 3 69
28 75 0
71 1 34
6 26 53
60 63 63
27 43 92
48 17 84
50 22 27
86 69 57
77 8 44
6 63 77
0 67 57
85 70 98
90 2 98
49 61 6
32 58 84
64 98 2
47 1 61
22 16 6
34 74 31
6 40 68
48 6 90
14 14 47
65 21 2
92 66 82
81 96 72
7 57 37
55 61 87
73 44 73
67 8 53
59 63 61
80 54 57
52 91 22
21 53 41
33 95 85
23 97 86
68 3 37
50 5 70
26 83 23
65 73 78
61 80 93
48 29 58
1 60 63
30 96 85
9 83 99
20 64 77
40 40 82
53 95 61
42 70 51
91 13 70
69 6 70
35 26 23
21 34 70
99 82 54
12 10 45
44 5 46
17 82 1
34 67 92
28 12 11
35 94 36
40 73 67
12 96 24
75 53 62
64 94 58
4 57 53
21 54 38
16 57 64
88 5 85
2 50 88
59 60 82
68 47 57
44 2 28
98 37 53
18 20 45
85 28 87
59 21 85
17 54 28
88 13 21
62 61 77
0 10 19
66 50 81
0 12 16
30 22 8
75 61 60
24 80 95
9 77 47
18 57 54
13 38 26
79 28 44
9 11 79
15 36 54
67 31 46
60 62 46
89 94 80
35 2 74
93 2 54
99 43 97
92 6 96
60 73 2
99 80 46
54 54 46
14 6 0
72 7 7
99 81 53
23 60 38
44 89 25
94 76 72
49 88 38
57 84 17
47 70 66
27 49 10
27 59 75
59 4 97
54 53 34
99 26 84
11 44 20
64 90 1
42 34 62
73 49 99
91 45 8
77 80 48
11 65 97
87 97 73
42 53 66
94 76 71
35 89 21
59 12 2
6 79 8
29 15 65
11 56 57
5 91 90
13 20 3
90 61 78
91 87 60
1 19 14
85 81 40
73 58 83
30 41 36
97 52 44
72 83 46
45 58 84
0 74 71
13 30 93
62 4 96
80 37 71
96 38 55
66 55 48
61 2 10
91 81 78
20 16 22
51 14 66
56 1 65
17 21 7
1 16 83
80 80 80
2 51 76
38 56 74
18 7 63
45 5 74
39 51 13
25 98 80
73 57 45
56 31 34
59 77 6
39 8 25
38 92 48
66 4 30
96 88 44
55 36 23
57 78 66
17 2 77
69 44 24
1 73 66
1 53 83
24 62 29
61 12 67
66 0 48
56 64 25
65 84 80
70 47 8
37 68 82
65 60 24
50 37 89
49 64 94
44 80 3
10 13 29
60 45 64
81 24 72
30 20 55
98 56 13
83 77 14
38 93 98
51 24 30
85 6 35
83 10 77
83 36 65
44 41 92
62 38 70
79 68 37
18 14 30
19 51 99
28 59 69
94 17 76
80 16 52
97 77 61
59 23 8
60 61 92
68 51 9
65 77 51
67 40 6
38 47 27
90 61 62
77 59 66
27 69 4
98 42 23
50 63 4
63 33 38
7 47 44
64 24 99
44 96 65
22 58 65
4 30 90
66 68 72
73 12 6
12 53 81
26 35 16
63 17 99
11 41 92
61 40 91
76 21 43
18 40 0
36 58 81
68 34 34
49 7 26
11 35 64
27 20 20
3 77 10
42 61 62
19 16 64
48 17 3
84 38 27
95 42 46
95 2 73
82 25 14
23 80 76
62 5 11
15 40 30
66 82 69
19 52 42
96 49 13
5 6 67
42 59 83
41 31 13
75 22 31
96 58 98
30 35 84
64 20 94
0 33 34
47 61 52
95 37 17
87 20 80
7 97 2
83 27 96
43 45 12
87 45 28
74 68 14
92 9 59
32 8 68
22 91 81
84 31 92
95 31 81
39 40 67
8 73 80
65 14 29
59 87 13
89 27 71
64 52 16
24 88 52
17 13 36
4 17 82
20 39 31
82 48 93
53 69 55
0 92 3
70 51 32
27 62 64
64 27 7
48 95 65
66 85 5
14 14 56
79 48 6
5 34 40
70 66 98
32 0 80
28 41 23
99 36 10
45 45 6
77 38 45
5 5 97
46 9 62
31 5 2
7 93 18
78 51 88
67 1 23
64 9 17
60 31 12
58 72 78
64 38 66
52 23 55
42 20 76
27 48 83
92 10 87
67 85 24
68 66 19
31 5 27
65 49 87
15 80 65
86 49 41
13 8 0
22 88 75
71 85 42
94 79 71
36 28 9
79 90 11
41 60 0
52 54 39
27 38 93
19 75 18
75 19 87
12 67 1
79 73 44
25 20 15
98 49 71
34 5 36
53 89 59
86 75 76
8 0 98
87 67 3
79 37 46
37 38 29
90 2 67
68 66 38
73 10 68
12 67 89
43 59 54
80 41 52
49 65 6
34 98 26
46 90 96
46 45 32
55 27 50
95 66 84
3 33 86
67 50 79
13 17 24
12 54 21
69 85 59
59 56 54
19 5 70
14 93 14
90 99 77
62 75 9
93 86 84
84 61 3
9 66 68
39 41 17
32 66 60
66 7 87
15 37 45
32 85 32
21 24 29
65 24 52
33 90 15
5 82 46
13 85 83
75 95 38
78 19 2
84 4 60
81 8 68
75 29 22
23 37 3
77 9 31
48 93 9
94 55 43
69 81 46
21 92 39
69 40 33
72 55 16
58 70 58
42 71 16
82 70 21
35 47 18
12 13 36
67 32 30
81 33 86
17 56 70
74 70 27
82 44 76
51 19 47
72 33 46
90 5 24
52 80 55
94 47 26
30 14 29
82 28 73
37 88 92
70 7 97
50 78 63
89 87 12
84 95 66
93 17 32
13 82 48
61 66 4
6 43 57
10 17 60
71 97 40
52 84 63
21 58 79
14 54 53
32 74 32
23 33 27
17 99 53
88 56 96
18 71 14
25 4 90
69 52 4
34 25 73
30 34 46
99 22 2
94 61 64
71 7 68
19 42 78
28 15 2
3 36 95
97 60 15
65 11 5
14 93 25
24 46 51
97 72 10
1 36 26
71 28 39
73 83 57
7 57 22
86 96 44
51 67 89
28 56 66
31 53 93
76 9 55
79 12 83
80 46 22
67 93 66
74 18 9
29 94 8
70 38 67
82 48 53
1 67 86
91 52 17
93 76 13
61 48 23
90 22 9
44 45 9
45 66 7
9 93 5
68 40 30
13 13 70
52 66 94
68 55 62
65 6 55
83 76 49
80 17 97
86 95 24
95 29 71
62 59 43
86 69 98
70 60 35
3 48 74
54 9 89
12 85 29
56 38 79
34 9 58
86 31 37
69 47 0
62 16 92
25 6 64
98 68 11
83 51 56
6 39 20
49 93 56
12 89 42
15 1 73
32 48 48
91 94 91
37 8 0
80 12 92
61 73 50
81 8 28
57 80 96
53 90 63
81 87 40
31 31 38
99 60 75
81 18 83
45 47 48
76 92 22
3 15 7
89 11 6
79 14 13
36 35 14
11 56 43
49 21 4
64 18 40
34 22 19
10 61 72
32 26 26
3 61 25
31 18 73
28 47 79
61 66 33
96 53 8
92 27 97
52 27 82
86 31 31
68 87 89
29 51 24
39 67 41
32 62 11
76 17 81
8 0 28
3 4 66
80 60 69
27 25 51
67 66 83
17 23 39
75 1 8
82 91 47
14 14 85
57 84 73
92 65 34
99 27 64
91 71 30
35 92 58
45 87 7
39 64 42
11 79 53
47 13 91
22 37 22
95 6 70
9 10 12
43 50 80
14 91 28
36 8 79
69 72 45
57 31 89
23 75 95
63 32 61
8 24 56
35 10 97
48 75 6
28 71 93
45 49 80
56 74 21
44 6 12
25 23 36
53 69 82
51 81 93
2 29 14
0 58 38
2 2 78
41 9 52
68 52 89
32 65 3
51 64 73
39 26 69
51 39 45
99 56 47
95 96 2
22 47 5
7 42 85
91 1 75
14 45 59
43 12 28
55 71 67
89 53 55
87 37 12
65 39 92
97 25 75
17 72 15
1 47 16
35 85 59
71 90 17
35 51 43
93 42 35
44 65 94
22 58 42
20 41 75
36 11 52
76 38 36
43 48 36
20 96 50
50 36 80
49 79 21
49 64 79
59 78 41
44 2 14
58 40 80
21 5 64
72 87 14
46 74 26
13 50 16
13 5 50
38 29 26
34 49 51
5 87 82
0 87 2
38 30 82
9 22 37
67 74 26
96 2 18
72 4 32
20 84 18
15 7 47
84 67 37
98 53 33
34 65 34
28 24 54
61 68 46
92 10 81
60 13 71
46 7 33
77 56 45
62 39 81
77 75 44
62 83 17
80 0 63
37 20 27
71 43 84
97 14 98
66 72 28
69 72 44
61 37 29
22 64 97
96 68 89
39 93 69
87 1 60
90 71 21
56 88 52
52 0 41
74 58 26
18 7 98
73 77 79
4 67 31
46 7 45
90 35 66
29 61 61
11 71 86
22 57 92
21 41 71
21 30 88
40 25 47
61 85 57
66 46 17
31 21 39
20 26 70
25 45 83
73 26 68
0 11 44
97 50 78
13 71 81
76 95 0
60 2 90
14 10 46
46 91 95
92 52 37
34 22 50
80 18 96
52 4 40
39 36 15
15 13 26
97 63 15
99 74 2
29 47 20
37 33 6
43 74 11
40 54 48
40 37 38
69 53 70
12 0 68
67 83 22
13 97 39
14 89 97
96 3 58
44 14 42
98 50 59
46 16 24
48 4 22
58 46 15
78 88 91
69 93 63
61 0 31
87 91 45
0 18 38
12 49 57
53 35 31
58 63 78
35 68 80
33 6 89
38 68 22
6 87 11
33 86 96
76 61 86
36 21 98
67 6 48
8 97 99
1 44 96
4 86 14
14 78 37
18 20 65
3 64 13
54 49 92
57 82 69
11 16 11
47 45 44
91 36 52
11 70 63
62 27 89
16 87 89
99 28 33
27 95 58
55 46 73
56 54 48
35 65 27
74 42 10
9 24 51
96 30 12
76 80 10
42 5 98
25 56 65
51 16 97
42 38 64
63 60 12
75 31 20
84 20 7
47 77 82
27 45 57
3 25 91
99 44 88
30 14 48
15 75 50
42 75 82
11 27 26
76 44 4
65 76 69
36 58 86
24 66 20
89 83 63
98 35 67
59 21 21
27 40 88
1 39 52
20 36 41
41 91 1
37 57 15
15 22 53
20 50 46
60 5 83
75 26 67
63 92 50
52 54 71
29 46 42
51 18 52
74 79 65
88 53 4
71 89 1
28 29 22
44 46 90
83 40 28
25 27 83
1 70 34
52 91 91
22 12 25
49 85 86
50 34 25
42 53 17
37 46 54
28 2 26
5 20 61
45 32 59
1 67 76
50 68 61
92 85 8
5 42 48
64 44 76
60 26 35
60 35 44
98 51 67
70 39 31
6 47 90
52 8 24
77 19 96
70 56 49
57 53 99
55 86 49
14 28 9
70 55 34
62 29 83
95 29 49
30 33 27
91 92 37
2 5 10
88 28 41
61 58 43
98 9 9
58 40 27
85 82 54
56 94 69
75 85 63
94 59 74
18 27 23
43 34 74
26 2 81
47 31 9
79 32 83
84 61 8
57 29 38
64 87 45
40 76 80
55 77 9
66 85 22
74 80 71
89 26 7
82 2 10
86 48 62
69 56 64
94 1 79
51 64 30
58 37 36
97 62 12
95 25 74
20 78 31
25 81 38
87 76 65
54 69 88
66 97 33
68 23 6
68 24 68
50 84 63
14 19 81
76 54 58
89 79 14
41 84 49
0 1 23
58 82 49
58 42 12
43 91 1
73 32 16
50 18 24
40 62 93
13 15 65
93 37 0
38 61 12
21 45 25
43 83 91
41 25 22
81 29 34
8 61 34
83 86 39
19 60 97
46 13 85
67 80 63
50 95 61
2 65 94
85 36 35
26 22 66
