100
1000
80 97
55 14
83 5
97 95
91 36
75 53
33 28
3 3
78 17
38 84
54 87
8 89
52 60
35 22
20 25
42 63
48 24
42 94
61 2
36 40
65 58
48 67
69 26
20 3
72 58
88 44
31 65
8 63
87 23
19 63
67 63
7 69
93 33
89 73
75 55
11 8
31 40
60 30
80 22
46 46
75 21
78 59
80 87
80 22
85 74
78 26
75 44
37 20
16 47
26 98
89 21
53 65
40 22
95 30
5 25
94 50
39 32
26 33
93 86
91 0
34 0
3 70
94 98
96 75
84 27
58 63
51 71
63 41
84 38
53 99
0 58
76 50
53 86
30 46
46 78
38 19
63 25
3 98
27 44
42 18
37 36
76 2
1 34
69 54
27 3
13 45
17 98
99 77
7 45
35 54
71 62
48 28
2 10
62 24
67 80
65 24
91 35
14 61
32 17
30 85
37 86
68 20
56 68
32 21
3 5
0 89
93 90
14 72
57 10
47 34
28 94
82 67
95 87
89 90
95 81
35 6
54 1
26 48
46 48
11 32
44 31
98 27
87 99
88 85
71 22
71 30
48 54
45 73
7 24
96 87
57 5
72 82
91 56
38 33
65 67
99 20
6 86
49 16
17 76
22 28
25 5
62 14
50 82
65 31
89 11
12 58
49 17
89 71
31 30
74 87
51 37
93 19
6 70
17 52
3 58
63 21
5 88
92 7
14 15
19 58
40 83
25 16
48 98
65 22
98 3
11 98
59 20
49 90
26 52
17 70
90 36
24 80
5 2
84 65
76 75
15 60
68 73
7 53
27 79
45 79
52 88
12 29
38 66
90 53
28 32
74 84
40 15
81 9
19 44
3 60
92 5
20 70
82 16
73 69
43 9
68 10
94 0
51 22
86 75
2 57
7 13
95 13
7 86
37 40
53 45
64 36
11 62
71 48
32 49
88 8
11 23
39 78
94 88
49 91
97 30
31 72
99 63
69 88
98 93
29 33
79 5
96 45
64 22
64 46
8 43
27 22
31 70
58 73
62 3
73 30
46 32
25 63
45 91
28 18
9 29
57 71
43 93
39 87
75 43
26 44
33 2
16 71
27 53
57 6
49 62
73 73
1 0
93 22
55 32
88 20
61 37
80 64
63 76
17 66
20 40
50 10
7 67
25 95
16 24
95 17
7 84
42 66
86 70
75 1
51 94
40 84
24 46
95 83
29 23
29 98
35 38
88 76
34 77
38 74
60 56
65 73
28 89
91 59
10 99
39 75
52 87
61 47
96 71
58 23
71 73
92 43
41 55
27 66
91 41
21 96
85 37
22 0
45 66
6 85
39 58
20 14
22 16
7 86
92 41
53 38
20 31
1 32
80 19
80 60
88 70
84 28
70 6
84 80
93 2
92 48
95 36
47 81
25 27
9 55
20 71
99 78
49 0
34 79
86 45
27 1
47 5
19 48
79 87
65 95
80 22
65 96
21 8
48 96
69 95
53 83
40 61
9 49
36 56
77 35
46 33
44 91
59 93
0 3
37 89
45 11
86 81
52 89
81 66
46 6
63 69
96 78
37 28
26 49
63 72
66 63
69 36
2 56
20 11
9 56
86 71
34 93
95 40
98 27
63 87
62 21
90 92
53 88
45 76
59 7
85 60
55 69
85 21
70 50
99 74
15 76
60 77
2 30
99 90
27 86
8 31
80 71
2 13
42 37
94 87
12 7
94 94
38 99
48 9
15 19
34 62
93 44
10 68
54 36
27 92
6 18
15 77
15 49
95 79
0 93
31 68
53 61
54 21
92 46
32 35
99 1
39 92
40 46
16 92
89 52
78 9
20 19
68 53
12 8
98 75
10 99
60 72
13 6
38 82
40 75
3 87
16 62
97 47
28 83
6 76
36 46
60 69
1 92
7 8
11 90
81 16
69 9
74 5
53 4
52 95
87 96
77 74
22 91
96 44
9 63
37 4
91 78
49 69
93 55
64 73
20 68
86 86
53 18
87 59
33 79
10 40
17 62
28 20
39 72
33 34
50 67
48 41
42 32
30 8
51 95
24 97
38 70
60 42
86 97
1 73
40 13
99 64
93 65
54 95
49 49
38 6
32 89
3 2
8 56
89 19
48 79
57 47
98 20
87 99
71 28
7 39
95 49
43 83
97 45
1 30
64 91
85 79
14 66
54 92
10 17
56 1
67 49
29 7
63 67
27 82
25 33
53 2
78 19
71 50
82 82
47 66
34 23
81 41
6 74
9 58
27 17
26 54
9 23
87 82
27 48
73 78
48 14
40 90
4 51
49 49
23 32
52 98
61 4
42 17
26 68
64 8
36 43
71 83
18 62
71 24
76 2
28 12
47 45
58 45
14 64
19 98
70 26
30 39
86 77
56 62
42 14
4 59
13 78
67 24
18 71
10 35
98 20
63 7
15 79
85 1
16 72
60 87
56 42
54 51
8 18
16 69
4 83
68 87
30 32
63 48
16 28
18 42
78 90
92 56
92 44
24 70
46 45
88 36
93 95
53 50
28 91
16 29
38 59
84 79
54 39
10 59
97 90
33 46
60 88
31 17
93 76
27 51
3 49
91 68
8 13
74 67
74 55
94 39
21 33
68 75
18 93
32 98
61 21
82 78
24 53
66 53
51 24
42 93
20 6
30 72
38 31
53 18
38 28
25 58
40 39
60 36
50 48
61 72
87 29
81 7
41 51
59 26
46 74
34 63
88 1
71 74
39 99
18 40
75 21
54 15
64 55
21 69
41 49
65 90
0 98
31 63
16 36
77 64
69 59
89 13
32 43
20 33
74 67
50 48
38 1
67 41
77 3
66 34
84 5
16 95
76 56
26 90
85 94
56 0
94 22
21 80
8 66
84 43
92 36
51 47
42 2
54 32
6 9
99 80
63 42
95 63
98 3
80 46
44 31
4 29
70 13
93 83
0 99
80 64
85 47
47 56
0 10
41 89
28 14
12 99
94 89
85 7
71 87
60 50
20 85
5 87
0 59
25 95
55 62
26 25
28 14
49 15
24 38
66 79
99 98
21 6
56 62
42 7
39 27
26 28
74 82
44 39
62 96
94 71
18 3
48 89
43 66
30 81
86 30
33 67
91 22
63 33
62 37
26 42
30 89
22 96
25 43
80 89
17 35
62 83
65 26
44 20
59 3
76 26
89 87
84 92
51 16
28 61
15 82
74 60
51 12
85 54
94 80
9 36
4 66
51 24
67 99
48 19
63 5
0 41
34 31
4 87
76 57
98 57
56 61
20 45
91 11
38 51
29 1
67 52
45 19
0 70
93 46
4 50
13 24
39 2
85 83
82 91
46 97
8 6
17 61
42 79
17 48
24 91
10 2
94 10
38 4
41 80
11 50
54 47
18 92
80 38
70 55
77 8
16 0
14 43
30 96
91 47
78 89
46 57
44 43
3 13
99 99
91 30
48 89
20 81
65 49
35 24
12 51
53 47
91 2
65 88
54 5
51 35
2 11
25 53
72 8
44 69
90 34
56 53
97 34
88 86
92 75
5 24
99 67
15 79
55 50
60 46
82 55
82 63
33 3
70 0
97 5
75 20
17 75
34 24
82 44
88 98
45 30
76 19
85 94
69 13
39 34
22 5
70 40
49 18
22 27
18 5
53 6
23 39
0 67
40 11
91 45
87 57
20 81
26 5
16 82
33 60
88 21
29 71
33 74
23 56
42 56
20 25
2 38
88 4
45 98
14 28
71 47
58 36
95 38
22 65
37 70
58 61
62 18
49 35
56 71
7 34
41 38
20 31
4 23
43 26
30 64
16 72
3 28
11 75
24 24
16 31
91 61
68 63
96 79
4 38
83 65
20 75
14 97
82 52
85 76
63 50
52 5
31 97
66 18
60 81
75 30
84 56
84 49
59 11
47 94
36 43
89 89
11 71
6 33
62 95
63 68
31 55
86 69
61 70
33 78
96 30
2 97
59 39
17 20
99 52
43 37
79 55
83 96
37 16
73 58
1 88
59 69
69 90
21 16
36 44
76 60
43 67
99 74
91 69
25 88
97 98
99 50
87 72
65 36
27 3
50 24
93 44
84 1
69 2
93 10
3 22
95 41
33 67
10 83
90 49
70 55
96 2
41 26
35 6
34 82
16 94
90 59
96 58
51 85
61 8
85 31
98 93
21 59
2 79
25 25
87 99
77 23
48 11
7 94
24 88
23 2
8 84
89 66
81 79
36 66
51 91
63 62
82 96
51 11
27 46
82 77
98 28
38 14
73 78
17 96
4 98
56 88
83 6
22 63
45 2
42 78
77 35
65 69
33 20
9 85
87 52
98 89
0 24
72 45
35 54
40 81
85 37
25 28
89 56
19 37
38 80
38 86
21 61
83 55
57 8
50 64
2 10
4 90
19 30
96 92
99 92
88 77
30 52
49 98
83 0
45 55
2 44
92 78
2 56
22 67
77 84
59 90
96 72
45 84
41 38
58 91
67 47
21 84
59 47
13 37
24 72
55 27
32 47
64 38
