10
100
7 9 4
2 0 1
6 4 9
3 7 7
7 6 7
1 2 0
9 7 4
0 5 0
6 9 9
9 8 5
6 3 7
7 6 1
8 9 1
3 1 8
5 8 4
4 5 0
2 8 4
5 6 3
1 3 5
9 6 4
4 9 0
8 8 2
2 7 2
5 3 1
0 3 2
9 5 9
7 6 2
4 1 6
1 2 7
2 9 3
2 9 3
1 4 9
6 4 7
8 0 3
9 6 3
2 0 3
3 6 3
9 6 1
2 7 6
0 7 5
3 7 3
1 2 4
3 0 8
0 6 5
3 2 8
2 5 2
2 9 4
1 8 2
3 3 5
7 7 9
4 2 7
6 6 9
8 1 5
5 3 4
1 4 9
0 9 9
5 9 8
5 5 6
5 4 9
5 2 1
1 7 5
6 3 7
5 0 5
9 3 4
4 0 1
6 1 5
9 6 9
7 1 4
8 6 1
6 4 9
2 2 1
2 8 5
6 5 1
2 6 0
5 6 7
2 0 6
9 7 1
5 5 5
0 6 8
5 5 9
7 8 7
7 0 1
7 8 7
6 1 2
7 2 8
8 0 8
2 6 4
3 2 6
6 1 0
0 2 6
8 4 3
4 0 5
8 3 4
8 0 4
7 0 0
6 5 4
9 2 4
1 4 7
7 9 5
0 4 3
