50
1000
6 47 29
39 27 9
20 45 45
38 29 49
14 43 2
12 46 43
31 20 10
21 31 4
29 7 11
27 35 28
27 22 21
42 17 38
30 6 32
19 27 30
27 24 44
35 40 43
43 5 15
0 19 41
16 11 17
0 45 41
27 18 10
19 23 47
1 32 23
5 16 20
5 26 44
48 31 17
6 43 27
37 17 41
6 16 3
41 27 15
15 43 27
32 1 37
33 36 3
41 37 16
46 13 40
21 29 5
8 1 11
30 1 2
39 46 38
7 44 44
25 16 21
22 0 8
29 7 11
30 19 35
22 31 49
31 44 44
25 19 7
6 37 6
26 48 10
23 49 25
32 46 34
23 20 19
6 23 29
27 11 27
24 25 18
37 47 32
32 42 5
19 25 0
2 43 46
23 40 1
35 7 19
31 44 43
12 47 13
45 12 7
15 35 30
28 20 11
0 13 42
10 8 21
18 11 38
34 36 43
36 20 14
33 8 13
19 32 39
10 7 26
31 4 47
32 13 8
45 16 21
24 23 48
26 27 1
18 49 19
16 1 13
19 20 49
0 9 39
32 9 38
40 32 41
6 26 40
33 47 5
38 17 45
13 1 49
14 30 23
42 4 35
46 46 14
31 18 42
1 3 38
36 17 45
23 16 14
11 43 20
2 33 8
23 7 10
43 44 42
38 9 21
35 10 18
28 39 25
47 48 24
21 15 4
32 36 43
28 19 30
18 21 4
27 39 19
44 40 28
15 47 29
34 36 41
49 3 19
14 2 32
29 12 40
48 44 16
10 45 27
27 46 14
16 9 24
13 8 8
9 44 26
4 38 11
14 25 15
5 33 10
19 8 27
25 0 4
4 7 22
20 42 42
38 48 27
11 8 8
48 6 19
33 23 32
1 18 23
6 35 2
17 47 22
15 23 42
23 29 47
15 29 16
48 18 34
12 1 36
38 33 33
5 3 13
47 28 33
34 14 39
18 5 19
5 2 28
19 1 28
33 43 3
23 1 21
33 30 39
34 36 3
47 5 35
32 32 22
0 41 28
42 37 16
25 10 3
39 33 12
47 26 14
46 37 37
11 26 42
46 34 0
40 32 41
29 7 45
44 43 47
40 18 43
31 7 34
26 30 20
16 31 47
45 9 45
8 25 3
35 48 49
34 30 15
13 32 47
1 49 38
19 36 40
43 18 41
40 3 2
12 1 29
3 19 47
36 23 37
5 21 27
24 13 2
19 22 11
20 25 33
45 23 28
27 47 23
9 1 16
0 14 49
11 34 45
14 33 4
11 32 4
2 47 48
35 32 15
46 3 21
41 34 43
0 5 20
49 49 46
44 2 40
41 42 39
5 15 11
26 35 12
41 29 3
25 19 10
27 16 43
18 36 26
37 3 21
16 41 1
40 42 16
29 34 19
33 19 28
46 33 46
1 14 33
45 39 8
42 34 35
14 44 35
33 33 31
46 10 3
22 21 17
36 17 2
46 33 5
35 27 37
7 41 33
23 28 8
0 16 18
10 6 26
29 12 5
37 17 19
27 7 42
14 23 20
8 18 46
6 38 24
20 19 20
36 9 31
2 38 32
29 2 28
46 18 20
11 2 44
3 36 2
14 48 23
37 20 26
13 2 7
46 40 6
38 21 11
42 22 13
18 26 17
22 8 13
11 41 10
37 46 12
0 39 28
11 17 17
12 29 45
33 15 16
38 1 21
1 8 31
12 45 7
45 10 38
14 26 18
32 35 15
35 8 45
37 43 9
11 24 11
15 37 22
3 4 7
27 19 24
14 15 29
24 38 47
9 12 47
4 17 43
12 14 2
34 29 42
45 11 13
45 37 20
23 6 10
33 30 43
40 35 20
1 34 11
44 47 7
10 5 10
34 28 14
22 39 16
23 13 34
31 15 14
43 2 11
24 43 43
7 5 29
22 35 48
21 21 30
1 16 41
2 7 23
3 18 42
49 6 11
41 28 22
27 2 34
11 42 46
9 42 37
45 35 37
33 42 24
32 15 28
40 8 18
39 48 45
2 3 22
28 17 9
17 16 38
42 40 41
24 0 8
21 49 0
15 25 36
2 33 29
8 20 47
5 21 24
19 11 20
15 13 17
8 8 17
37 27 8
11 37 5
45 6 24
44 29 28
31 32 26
5 1 20
44 1 22
30 15 32
13 40 44
27 25 25
43 9 8
34 36 30
12 8 34
2 45 26
44 38 36
33 28 9
46 49 8
10 36 47
37 9 16
43 29 15
0 20 18
23 38 30
17 17 41
16 12 49
11 28 22
20 43 22
43 44 21
4 1 40
27 24 33
7 14 4
45 22 1
40 38 31
27 46 8
11 13 39
18 4 17
28 39 29
33 20 23
38 47 25
23 6 30
44 40 17
0 45 47
38 21 16
1 29 16
3 31 2
29 11 47
6 3 32
32 36 10
35 43 32
10 14 2
47 30 36
7 42 30
10 24 26
47 36 27
37 9 13
49 4 49
11 25 38
42 42 3
27 22 7
22 48 2
44 31 17
21 31 15
49 20 41
17 17 28
22 31 13
41 33 19
4 4 15
47 11 35
46 19 47
44 26 38
6 32 26
35 14 31
48 21 17
16 30 28
42 31 36
0 47 24
48 43 28
19 29 36
11 22 29
6 5 27
3 2 43
17 14 47
8 23 10
12 45 26
12 15 1
11 1 30
43 22 28
17 21 11
2 45 47
0 31 19
6 25 8
38 32 48
0 16 44
47 23 23
42 30 23
24 9 43
39 14 22
49 24 24
5 21 23
5 28 33
10 1 38
19 28 48
36 40 4
7 18 40
8 45 16
28 14 14
38 24 0
31 47 43
45 22 41
47 45 11
48 33 26
33 40 12
38 42 42
23 30 16
8 16 29
0 36 44
11 32 49
45 43 9
34 26 28
24 44 23
11 18 41
12 41 36
18 26 39
23 18 21
37 45 6
37 25 19
30 9 3
22 25 46
5 2 29
40 22 5
36 33 36
1 47 22
26 22 45
29 43 30
3 45 42
15 38 43
21 41 4
38 11 44
4 33 40
1 29 43
16 15 24
9 23 13
9 38 10
12 15 41
7 49 12
10 34 3
22 48 24
43 0 35
46 35 22
32 19 37
8 21 15
8 4 29
22 24 34
31 48 2
16 29 12
42 0 9
43 39 40
45 28 11
33 7 7
29 3 44
46 41 32
49 18 29
16 41 29
2 17 34
30 38 47
4 18 47
34 44 31
25 16 12
17 19 1
44 22 24
1 36 22
30 5 17
42 20 28
35 35 48
45 16 44
23 2 15
39 13 19
24 41 25
27 1 37
39 29 23
6 30 6
45 0 9
2 45 3
18 29 26
12 19 28
23 46 9
28 21 14
33 34 9
6 22 7
42 42 20
43 26 44
0 39 49
12 21 35
44 27 5
32 32 43
29 41 28
3 19 28
47 48 14
46 6 9
22 37 13
23 30 37
15 40 34
5 9 25
1 24 18
15 26 44
22 10 47
28 38 46
18 39 28
10 28 34
26 21 37
42 43 31
33 11 40
24 16 12
16 20 36
6 9 10
38 35 46
41 45 6
42 31 36
46 44 18
42 27 2
34 28 16
9 38 27
32 12 13
43 2 40
39 28 7
10 44 25
42 24 34
31 2 8
41 48 25
40 42 33
43 34 17
24 29 20
28 37 12
12 40 18
31 18 31
34 14 24
27 14 9
44 36 5
23 15 25
13 8 1
6 13 23
6 5 16
32 45 3
23 30 31
36 11 30
32 43 27
9 6 10
5 23 47
49 43 3
15 39 41
12 32 21
13 11 9
12 33 19
48 25 10
2 26 4
11 36 4
36 10 26
14 11 7
44 6 26
49 25 45
45 22 35
31 39 3
21 23 45
43 25 34
17 1 37
22 30 7
40 43 30
26 9 6
34 22 17
32 34 43
2 30 2
26 4 17
25 48 28
16 33 46
27 12 42
20 16 21
42 2 6
23 35 42
7 46 13
48 49 24
42 39 12
19 4 43
33 41 15
1 10 5
13 45 7
43 18 38
8 29 11
39 43 42
18 29 21
11 23 33
45 28 39
1 34 20
29 28 3
26 38 35
15 20 13
9 35 27
34 8 40
46 9 16
41 12 13
23 18 49
27 38 46
45 31 36
11 25 43
2 42 5
23 20 29
44 6 36
18 41 36
21 11 39
35 37 39
43 46 40
41 38 23
1 19 28
39 42 34
38 38 18
5 11 42
10 15 15
34 24 3
39 44 28
11 27 43
46 2 14
41 7 9
3 36 9
25 22 29
23 24 7
4 36 42
28 40 25
20 15 2
31 31 31
35 46 14
48 49 10
40 19 49
5 29 48
32 22 35
33 20 26
47 12 36
22 43 20
2 22 14
21 12 28
11 20 18
11 28 36
22 38 9
48 33 2
16 17 36
27 22 33
14 42 35
32 18 25
28 32 27
7 31 43
48 45 13
26 27 40
3 11 19
25 46 33
3 22 18
0 44 36
46 43 40
9 1 27
20 15 26
27 29 4
34 33 36
21 32 20
13 42 26
2 13 6
15 1 18
7 24 27
41 5 47
9 47 10
24 45 16
8 0 35
33 27 32
16 45 38
46 21 45
0 29 27
38 44 43
2 16 13
32 22 13
35 0 42
2 17 38
40 20 42
29 1 42
23 31 27
24 34 26
34 46 26
45 17 21
29 30 17
7 7 37
48 22 11
7 16 9
33 44 32
33 13 14
48 21 40
10 29 31
35 13 49
27 13 48
29 14 31
31 34 0
22 49 44
22 23 20
47 19 1
5 15 21
6 36 16
31 29 9
4 28 23
41 11 9
44 19 27
36 32 44
23 24 8
16 20 43
18 10 25
36 1 20
10 13 5
17 38 47
34 30 3
45 4 21
37 22 9
7 32 49
3 48 5
20 4 0
45 19 36
9 36 2
14 27 43
23 4 26
36 43 12
39 12 12
35 20 25
44 6 13
12 40 21
33 25 15
26 4 44
38 13 38
7 10 37
18 9 5
21 22 32
18 37 18
36 24 29
5 33 34
43 38 18
44 24 23
49 2 22
0 1 1
23 18 13
14 29 25
23 38 40
45 16 10
32 11 47
9 48 28
40 1 38
44 32 13
12 14 6
20 17 37
27 23 20
35 46 16
23 11 33
1 37 49
32 38 0
8 0 43
19 15 0
24 3 49
35 41 18
32 16 32
15 7 39
33 4 48
14 22 26
47 18 12
8 40 38
20 8 8
49 47 45
17 21 4
18 0 47
29 48 43
30 31 14
12 20 28
35 3 17
37 22 24
25 36 45
28 15 10
39 7 11
20 27 43
14 24 16
49 41 45
9 18 38
47 27 20
34 47 26
44 44 24
0 41 46
17 19 28
42 0 5
1 32 32
34 41 30
20 14 28
48 13 21
22 49 23
1 29 13
10 46 22
25 45 34
25 38 13
26 34 26
28 24 16
43 26 13
9 4 40
48 43 22
12 22 45
4 41 30
27 22 30
29 1 5
2 43 35
22 4 26
15 45 39
37 46 47
38 0 9
11 2 19
39 30 15
39 18 27
6 42 32
13 27 19
44 34 3
12 13 49
1 8 17
45 25 11
19 40 20
20 33 41
22 15 45
31 17 35
26 48 48
11 27 37
27 29 9
46 46 12
6 35 35
15 23 29
0 43 47
2 11 21
1 23 39
48 43 11
20 28 14
35 5 33
3 39 14
41 4 4
29 49 14
30 20 12
5 27 26
21 37 6
25 5 40
36 45 48
16 6 13
27 9 41
25 4 20
5 17 33
24 14 39
41 7 6
14 16 27
36 46 1
1 49 49
13 5 15
36 3 31
22 20 21
29 16 37
19 48 2
12 43 11
13 11 26
35 9 34
25 17 22
6 34 27
24 14 18
44 46 33
25 35 46
33 15 5
10 38 40
33 38 34
47 5 6
1 49 49
7 9 38
17 21 38
7 7 49
6 21 42
17 37 33
2 39 15
18 28 23
29 4 28
16 21 35
0 36 38
29 32 7
21 15 14
25 43 42
28 13 2
6 16 4
38 2 34
36 45 31
18 40 33
1 9 37
27 4 1
14 42 46
1 1 16
19 29 28
46 2 7
21 30 33
27 17 1
17 40 41
24 44 10
41 23 23
28 44 4
47 46 2
26 4 41
27 13 8
23 6 38
11 12 1
28 49 19
6 8 24
1 33 15
34 49 0
6 9 24
22 21 26
26 21 28
48 36 2
29 18 36
13 46 38
12 35 44
41 48 31
17 12 13
44 0 11
18 8 0
14 44 8
19 39 47
2 12 49
43 46 34
11 23 8
11 40 0
2 6 34
49 8 37
29 6 32
3 40 20
7 46 28
1 30 9
8 40 34
36 41 40
10 25 30
3 13 40
34 7 40
37 12 4
35 36 32
2 20 2
7 39 8
45 38 42
14 47 32
12 37 21
36 24 43
38 20 23
1 15 30
37 17 28
17 27 35
37 30 33
47 1 29
0 43 49
1 25 32
1 35 36
8 35 32
48 30 0
46 5 21
10 12 8
20 18 3
17 42 19
24 7 46
31 19 31
27 40 44
47 48 22
45 37 0
3 45 27
44 15 9
31 16 16
21 16 25
45 40 19
15 8 25
19 32 2
24 12 0
17 11 47
15 14 17
8 33 2
3 27 24
32 0 45
34 16 42
21 35 29
0 15 48
38 28 42
26 23 14
20 26 41
20 34 4
8 29 26
14 34 37
15 13 37
34 15 13
