100
10000
42 10 52
32 5 49
17 82 89
85 32 60
75 50 10
44 38 85
34 75 28
73 33 55
1 82 36
23 77 95
4 36 16
43 22 70
30 27 71
16 18 36
19 21 73
74 92 41
21 6 79
97 81 19
72 30 19
82 6 67
7 30 56
25 71 91
66 39 26
65 17 91
51 21 52
79 67 80
72 21 95
10 3 26
8 34 18
11 19 49
67 4 59
62 17 44
25 54 96
27 70 78
67 53 18
81 29 2
8 40 52
87 43 82
27 42 56
43 39 81
25 18 83
80 1 6
15 75 42
7 62 54
13 67 98
72 51 25
53 9 47
0 90 47
41 92 88
41 54 66
44 53 55
72 16 31
89 52 77
29 40 21
78 75 33
73 25 49
12 48 64
11 22 26
43 52 68
13 54 16
60 85 29
68 52 10
63 98 42
41 30 68
62 6 49
66 95 47
7 54 94
54 69 88
23 94 41
12 68 73
3 56 79
91 17 22
10 62 42
54 17 28
50 84 94
4 11 39
70 35 63
31 17 38
28 96 21
53 67 25
36 6 12
58 83 32
42 48 99
31 71 12
37 66 93
79 63 18
8 11 51
86 19 58
21 63 28
28 82 13
67 13 68
53 5 83
45 70 13
14 41 61
68 23 12
59 78 11
22 41 47
96 24 64
57 13 98
57 71 47
69 83 7
8 42 47
69 23 30
65 4 46
86 33 49
87 77 70
75 77 43
73 80 73
98 56 57
70 19 20
9 37 55
38 26 71
4 59 75
42 35 65
10 98 4
31 53 79
41 40 92
45 87 8
5 78 56
88 35 16
78 37 8
70 35 95
36 90 0
91 77 13
24 32 13
91 69 12
76 62 23
51 14 71
87 33 17
31 60 42
42 59 31
28 93 5
20 95 39
92 70 76
68 89 37
73 58 88
33 87 44
90 62 43
40 2 3
22 27 95
35 23 50
4 37 45
14 71 40
1 5 38
90 42 15
54 93 93
12 1 30
42 60 4
45 12 23
83 58 28
68 15 12
20 38 47
62 17 38
14 78 23
47 3 5
83 87 75
25 70 97
95 27 76
33 57 73
55 22 15
29 79 31
8 26 29
12 70 29
90 44 35
46 29 52
85 84 37
59 27 59
20 30 83
88 66 98
70 73 19
80 51 48
92 29 33
42 47 40
79 74 17
51 36 93
66 79 87
61 53 83
60 21 19
47 61 56
15 1 43
34 48 87
25 4 96
28 39 44
71 83 72
73 96 43
34 48 95
18 44 22
55 48 24
42 32 31
55 95 12
0 35 73
99 67 99
45 35 35
88 42 28
89 11 50
78 90 25
70 11 1
89 22 14
9 53 97
62 98 71
17 43 78
49 3 16
82 51 47
72 87 11
65 27 70
86 1 26
98 71 15
98 16 62
76 96 20
79 47 56
3 3 86
60 93 2
99 95 22
45 9 40
32 44 16
38 69 76
40 66 96
44 27 98
5 7 1
32 0 94
20 59 45
9 74 19
35 20 9
28 90 5
85 42 43
24 78 13
90 77 83
81 0 6
79 79 74
83 86 77
68 77 85
22 99 1
9 17 69
88 95 16
86 72 70
33 72 82
19 1 93
40 15 5
39 45 60
31 77 54
53 53 67
64 44 51
84 81 45
91 46 60
76 85 31
44 18 13
0 40 48
97 84 81
8 26 55
55 74 43
80 40 53
54 7 32
10 53 15
84 12 84
20 47 78
33 96 87
24 74 96
26 63 62
1 37 13
75 99 9
14 98 5
84 43 3
43 30 69
27 86 34
51 69 41
88 8 69
44 11 95
0 3 73
48 59 58
27 94 68
88 34 15
45 7 22
72 71 86
75 79 48
39 88 69
39 25 13
78 24 88
5 54 92
68 28 25
66 14 70
49 0 2
9 38 32
53 92 93
83 41 21
58 6 61
48 22 51
91 74 62
92 37 80
15 8 78
27 83 92
80 50 76
3 36 71
24 2 54
61 95 3
41 37 10
21 22 72
70 88 79
50 49 53
71 2 24
96 10 67
76 83 28
53 60 71
76 56 14
53 16 83
69 14 57
34 83 73
56 50 65
14 31 67
15 14 72
50 12 56
88 94 7
77 80 87
29 88 60
26 91 40
8 22 39
39 90 9
83 73 46
2 82 23
60 12 76
63 97 70
31 0 12
10 41 22
43 1 15
68 60 51
15 33 80
76 49 34
65 60 96
81 64 75
72 87 34
19 84 28
6 39 73
13 23 25
70 82 62
65 40 9
78 63 57
39 8 2
42 63 77
36 4 97
2 63 56
24 96 39
88 30 99
31 13 87
40 88 28
50 49 47
73 83 80
34 1 72
57 83 66
62 14 6
58 89 61
40 73 58
77 89 18
96 73 81
39 40 70
85 65 15
48 98 71
52 67 39
24 15 82
17 53 55
93 97 26
56 25 27
91 73 1
27 27 65
45 23 34
89 16 73
50 55 21
91 13 78
74 12 72
31 37 53
38 39 13
96 58 66
1 67 54
53 38 28
80 2 15
94 12 62
57 88 22
44 80 93
58 86 22
17 64 81
66 98 64
21 4 94
73 22 5
61 86 84
78 11 40
87 21 45
90 95 56
10 95 80
36 53 55
46 97 35
7 24 30
5 45 18
35 68 65
25 75 73
47 34 31
93 38 91
39 62 88
99 16 77
90 13 17
19 83 15
78 62 47
67 58 67
46 52 83
65 58 82
7 2 87
51 28 87
93 11 59
79 2 48
2 27 48
23 17 5
60 71 21
37 38 47
80 9 81
77 53 36
35 4 3
48 81 93
29 14 21
41 36 88
6 96 54
75 76 54
22 19 99
28 14 54
11 68 38
32 7 8
40 50 33
37 0 11
31 91 65
99 53 71
5 97 11
95 21 32
26 44 35
47 97 81
31 14 73
8 16 57
79 22 75
32 21 88
89 19 39
55 72 13
83 63 88
11 61 25
14 81 30
1 67 93
20 46 47
80 93 88
83 20 87
42 4 85
12 67 46
35 4 12
60 23 3
82 74 42
51 38 62
71 29 0
45 46 72
80 23 40
36 83 40
98 86 52
14 83 24
41 8 27
42 33 59
26 3 98
62 52 55
54 28 20
68 96 49
39 21 21
44 86 96
38 51 94
29 66 1
94 82 45
43 39 90
35 58 78
36 35 79
85 33 38
36 13 72
95 79 85
94 37 59
29 40 79
20 64 46
1 92 98
49 32 60
5 89 60
46 38 54
32 40 24
72 98 26
55 22 63
87 15 41
43 52 43
96 26 61
2 76 62
75 35 26
97 4 78
89 25 43
69 26 50
15 36 40
76 34 97
68 11 4
90 53 50
97 34 76
99 78 8
94 53 93
51 96 76
48 8 75
78 16 72
4 58 94
24 94 49
38 41 4
25 77 63
26 34 36
4 76 94
49 9 94
47 11 96
25 58 81
28 42 44
74 25 71
58 85 33
76 98 39
40 10 73
65 75 54
98 40 92
79 60 22
22 76 53
2 17 69
66 96 76
28 7 80
35 43 0
36 67 29
62 47 62
39 58 73
64 53 4
54 20 50
30 18 82
38 10 90
51 34 80
13 61 54
30 83 91
73 59 29
91 85 68
61 75 98
89 82 14
23 46 51
20 89 98
86 28 26
79 88 63
97 27 6
26 45 32
59 87 58
46 11 97
26 75 91
55 86 52
12 0 41
18 40 38
16 13 23
84 84 60
92 72 38
16 43 9
56 66 77
91 23 89
5 83 21
67 96 39
13 66 68
84 88 3
9 50 34
71 65 94
53 62 75
55 42 3
45 49 29
54 67 91
51 58 69
23 67 15
86 63 8
12 97 92
43 17 19
47 97 64
24 66 71
11 26 84
71 40 78
15 85 86
27 93 11
51 5 99
77 75 50
77 48 56
21 37 87
64 33 79
88 31 56
82 75 73
30 91 9
67 86 2
63 25 57
35 33 15
1 4 42
67 98 67
85 17 37
27 24 16
34 30 47
50 49 55
44 68 21
4 41 40
43 93 8
7 58 73
1 58 91
80 94 98
39 69 21
4 65 88
88 13 10
51 33 55
79 26 3
55 82 10
76 20 70
0 99 49
25 2 92
49 21 78
28 55 95
23 88 55
13 80 84
66 99 11
43 58 57
27 15 19
63 55 2
42 73 71
80 14 47
64 28 19
9 16 16
99 32 87
89 25 47
37 16 70
5 81 18
98 13 47
9 64 26
90 47 26
25 47 47
38 70 25
50 97 51
42 38 50
53 4 10
59 41 0
29 10 55
26 28 8
11 92 42
66 34 62
2 90 85
93 40 43
76 33 82
38 40 41
42 89 47
7 91 7
65 63 24
61 10 17
93 10 22
78 11 0
28 93 53
44 75 3
15 6 81
68 84 79
11 84 69
33 1 51
49 48 38
28 31 34
63 87 58
1 31 19
37 16 52
76 85 15
85 70 54
68 57 93
73 46 33
48 23 42
75 79 57
55 47 13
27 24 11
23 71 88
75 95 85
38 91 96
42 40 54
96 16 75
49 28 90
85 67 22
24 77 17
84 7 62
63 85 71
60 98 56
86 13 16
59 44 20
13 39 29
22 23 15
63 11 57
7 4 24
33 9 48
88 74 74
83 68 3
55 42 61
91 32 56
18 36 94
23 51 35
83 74 6
26 70 41
99 65 44
19 13 88
57 35 14
53 92 99
62 98 95
9 28 73
41 84 18
31 83 3
41 20 8
83 47 52
30 54 23
9 48 78
15 1 7
36 95 14
43 44 30
27 7 36
30 29 56
68 21 7
42 43 71
35 83 25
55 95 84
3 64 62
94 22 25
38 52 52
9 37 87
59 91 78
1 23 36
20 50 54
16 11 61
60 73 58
66 3 3
27 98 22
55 70 85
43 33 14
54 24 95
94 55 33
13 13 87
87 80 17
60 79 17
3 88 65
86 17 53
95 31 43
15 16 5
61 10 41
2 48 54
9 85 79
85 43 86
8 92 79
33 50 21
62 95 39
72 23 51
89 54 49
7 29 56
28 72 77
57 93 92
12 49 27
76 58 96
27 61 33
63 49 20
12 55 52
8 94 93
21 53 32
45 76 26
90 78 27
87 86 32
80 26 61
0 24 60
45 65 77
16 24 13
17 99 22
83 65 51
95 88 26
44 75 40
6 81 72
38 89 19
67 70 8
86 25 47
93 65 38
6 39 29
76 55 78
87 23 65
34 16 18
6 7 22
76 28 67
20 98 94
9 24 46
9 35 45
80 85 4
18 5 39
78 17 4
28 41 58
62 16 69
44 60 61
94 96 4
42 64 46
39 98 77
53 6 23
17 6 62
95 50 15
12 15 66
88 2 75
61 64 81
39 81 7
94 98 66
33 94 91
19 30 6
51 37 61
16 7 50
57 43 99
17 8 77
93 84 3
65 50 62
18 7 5
21 80 81
40 40 33
75 37 87
54 39 0
87 59 40
98 18 30
95 15 40
63 42 60
70 95 3
57 72 46
31 88 1
11 90 46
20 59 78
39 28 96
93 61 78
69 25 62
1 52 20
27 45 57
15 22 0
66 30 42
59 3 85
11 27 16
86 27 54
33 59 97
63 83 31
53 46 24
47 95 75
72 61 33
74 10 63
70 78 30
14 41 83
46 27 18
32 14 64
11 27 37
88 4 69
92 56 27
41 20 10
70 79 39
45 48 96
85 44 9
67 57 58
75 0 53
77 56 30
82 3 22
4 44 18
82 2 11
57 9 57
91 11 16
96 80 44
34 81 51
58 13 6
82 31 65
14 64 26
29 0 2
89 46 48
32 70 20
80 16 71
29 14 27
76 0 23
22 70 20
82 93 50
64 40 22
86 76 24
66 85 41
27 53 36
70 69 41
86 58 29
37 41 39
98 30 85
31 18 56
77 47 23
23 88 60
98 29 53
18 75 95
99 34 62
1 48 10
42 79 98
67 70 46
75 77 34
88 23 3
14 31 88
25 24 69
42 5 34
73 82 23
83 2 54
40 57 80
81 12 57
14 92 40
20 36 73
91 86 31
23 29 13
37 70 51
53 10 97
77 91 92
4 59 1
12 82 32
13 31 54
88 10 95
7 93 75
10 16 74
51 36 28
15 23 31
27 21 72
37 60 11
16 87 17
33 66 11
33 86 14
55 87 58
17 1 38
27 53 25
95 47 59
99 58 77
94 49 51
31 86 70
56 91 56
58 59 33
41 61 1
70 14 75
90 77 1
57 78 4
4 97 62
28 76 22
52 3 81
48 74 82
94 83 22
42 41 55
15 20 64
97 58 92
83 13 25
27 75 90
45 78 62
41 83 45
15 52 24
92 89 78
38 89 72
10 13 77
47 95 87
56 73 88
63 80 48
58 20 43
0 86 16
26 9 17
63 2 66
19 23 21
99 10 60
74 7 50
7 85 86
54 83 59
14 84 95
65 90 76
77 90 82
3 16 83
79 2 76
35 86 3
86 75 41
89 98 73
43 24 49
11 36 64
34 32 9
43 60 0
44 84 52
86 87 95
48 40 57
7 24 34
19 89 56
46 84 2
2 41 80
12 6 49
66 41 26
92 93 89
8 50 37
83 42 95
0 47 42
69 94 30
47 38 17
96 36 86
17 12 40
79 19 11
44 21 27
7 62 12
54 15 57
80 99 8
61 9 47
56 21 35
70 26 22
76 30 25
66 98 59
78 89 37
82 8 54
74 63 54
94 42 69
13 19 29
54 86 54
80 43 76
46 13 1
35 43 27
30 39 37
16 13 41
62 49 17
81 80 80
95 6 6
0 80 1
49 24 68
39 49 99
22 66 15
14 15 63
52 24 57
40 83 84
72 40 57
41 69 86
71 77 67
28 19 29
33 27 96
71 33 79
38 67 2
13 36 30
72 50 15
86 11 99
25 13 59
9 0 93
96 80 26
22 12 53
60 97 21
18 50 10
48 19 86
32 97 92
95 33 12
98 2 89
90 80 22
25 48 29
18 50 67
9 28 75
20 95 96
56 8 62
77 87 63
69 55 23
20 66 90
90 13 62
6 11 7
3 38 49
31 28 67
97 59 15
96 75 2
73 35 39
91 63 53
32 9 41
30 26 80
59 88 71
67 96 50
23 57 45
70 48 3
74 61 12
70 74 50
64 66 32
66 27 18
90 52 5
92 44 87
72 34 21
25 64 83
1 52 85
73 24 62
28 95 72
28 11 11
95 91 26
16 18 70
46 68 61
11 93 35
75 5 92
62 90 34
62 9 24
27 45 6
63 90 17
15 60 3
66 89 30
17 55 77
64 55 3
56 94 11
70 67 80
59 82 28
17 82 11
42 13 78
15 27 51
8 94 64
85 41 83
7 71 9
80 19 44
69 48 56
16 49 27
73 74 33
79 53 15
12 72 84
51 77 85
66 18 14
54 39 91
5 34 61
96 83 43
91 71 68
26 50 66
79 2 87
17 40 47
35 27 83
68 85 77
72 49 73
49 93 40
10 57 76
75 35 85
49 46 43
80 78 41
22 0 36
4 3 96
54 45 27
60 67 66
60 7 42
93 37 76
19 0 92
30 32 39
29 10 62
6 93 43
8 18 93
94 70 35
3 82 76
12 68 19
15 28 48
95 24 84
26 63 59
77 66 43
70 75 70
68 10 20
31 32 59
83 22 19
88 28 37
94 23 34
3 23 75
51 4 90
21 11 90
44 2 51
48 45 40
37 57 27
37 13 76
0 65 71
78 0 30
0 0 21
55 64 42
12 77 94
61 93 67
14 1 40
25 57 70
58 33 74
4 75 27
19 63 45
44 64 27
77 72 18
76 74 21
96 95 13
28 56 59
89 51 87
65 62 53
69 8 81
53 45 92
44 49 75
38 40 33
40 55 24
55 14 87
6 79 95
0 86 13
27 41 37
46 53 70
16 92 32
85 19 69
96 86 86
49 79 29
70 55 50
32 69 87
10 0 34
30 90 66
72 61 74
65 22 84
14 88 55
11 12 2
23 52 71
19 94 83
30 91 6
11 21 5
48 42 72
53 46 15
66 88 70
76 88 32
83 41 90
63 86 93
91 4 40
11 16 84
71 36 52
54 19 65
80 10 18
90 72 72
29 89 45
82 82 32
21 5 78
27 58 96
70 21 68
76 42 91
14 10 81
68 19 37
7 26 82
1 80 8
85 18 97
37 70 23
77 10 19
76 77 9
23 90 36
71 82 18
91 39 76
67 78 76
9 90 31
33 85 63
89 33 84
30 56 49
35 26 47
75 22 3
90 86 36
57 4 57
62 23 96
38 70 36
7 26 29
39 69 10
31 32 76
1 63 28
89 40 70
5 25 5
5 35 88
24 13 76
44 73 70
21 10 4
86 3 97
50 27 69
77 80 87
56 26 42
85 97 24
1 46 29
76 0 84
17 70 97
28 52 87
74 46 83
32 96 13
68 86 48
83 83 8
17 83 32
73 25 79
11 54 46
76 35 29
9 33 59
1 49 75
10 68 13
17 62 26
50 98 45
26 83 1
89 45 56
60 43 98
65 73 54
46 93 78
75 15 14
99 80 31
66 67 70
87 0 58
65 11 65
63 59 25
3 49 70
8 60 69
82 44 90
41 69 87
0 43 78
79 42 75
91 21 26
40 21 9
46 89 49
94 90 52
43 48 91
54 62 32
62 58 19
0 54 74
10 69 28
66 19 73
50 55 96
42 31 40
19 53 43
60 18 10
55 41 63
99 43 51
37 58 30
85 47 39
60 24 68
93 88 67
94 90 65
44 76 35
65 2 52
63 32 37
37 73 19
11 44 35
27 80 41
9 89 4
15 16 47
34 4 47
44 22 32
38 27 75
27 76 18
77 31 77
60 53 34
39 35 20
78 95 67
82 54 79
18 9 94
82 13 84
48 99 47
5 30 26
26 7 34
46 63 79
44 76 44
77 74 98
62 71 9
89 17 62
19 20 60
7 63 53
88 79 10
86 73 56
37 78 97
74 99 35
1 6 11
73 3 96
74 51 85
81 52 83
8 19 39
39 18 41
36 0 9
88 92 35
15 50 58
85 80 64
95 73 82
11 65 17
98 50 30
87 1 36
44 53 92
14 18 82
77 2 63
28 36 25
37 43 35
63 12 26
77 26 53
81 40 20
90 7 39
90 78 76
70 31 24
63 96 66
30 83 46
67 0 68
35 42 35
37 73 99
47 38 93
64 9 19
48 85 79
21 59 98
83 49 64
26 82 74
80 60 74
94 62 40
74 43 57
97 65 66
71 5 66
24 76 88
87 75 12
83 42 49
73 66 38
32 71 12
32 38 88
71 2 40
38 90 60
92 33 11
89 27 94
40 35 79
62 26 4
46 44 15
4 35 32
82 41 4
75 87 39
81 52 74
93 26 0
3 43 85
32 43 30
32 18 58
2 32 94
75 83 33
69 37 64
82 5 50
52 13 28
53 59 73
62 61 93
61 64 91
18 80 81
21 65 25
52 33 95
97 18 31
76 4 54
2 69 70
2 44 63
38 40 55
5 13 14
1 41 89
67 71 70
64 36 58
2 3 73
45 53 6
13 60 87
36 73 80
68 76 78
3 49 78
12 12 6
26 21 85
19 93 94
42 35 65
42 47 87
52 68 18
51 96 26
47 70 60
5 47 42
32 72 63
99 70 37
34 44 34
41 13 76
49 72 86
22 77 26
79 28 30
48 23 1
80 63 44
44 73 98
64 89 72
63 66 75
25 49 92
25 48 79
26 86 61
19 62 60
48 57 52
46 45 83
73 20 5
53 34 15
83 12 35
65 40 25
45 8 7
14 86 10
3 43 57
81 15 8
11 75 83
65 36 14
26 74 55
59 2 38
40 1 67
27 38 72
73 34 91
14 37 65
66 45 52
20 55 16
39 59 47
19 23 22
22 68 37
76 89 10
2 13 31
83 41 70
96 89 78
85 9 93
45 60 98
21 37 24
21 77 94
65 41 92
71 78 52
32 38 51
84 20 18
61 3 21
15 21 84
63 85 68
29 99 75
33 87 77
72 35 70
44 70 61
32 33 30
88 8 29
66 81 66
16 35 57
93 29 72
34 48 52
8 35 57
81 88 27
38 32 47
28 58 7
53 97 97
28 69 61
63 64 15
12 50 91
67 5 94
38 56 56
76 80 92
13 79 1
3 5 6
43 37 62
68 56 95
5 94 94
33 24 78
87 25 52
27 68 89
74 82 7
50 46 45
43 34 92
36 67 57
73 33 65
75 45 97
23 51 55
58 51 94
67 43 15
31 98 99
99 12 1
13 44 40
67 19 18
43 10 7
69 22 50
41 36 50
18 85 17
9 24 1
77 23 22
98 80 37
31 80 71
75 21 88
73 75 54
45 70 13
62 52 82
52 99 97
40 86 56
43 31 28
30 15 5
56 82 78
69 87 96
66 46 10
83 29 49
48 70 83
11 22 16
57 82 74
7 10 30
44 83 11
55 34 68
93 96 35
25 61 16
49 21 69
49 62 15
3 89 54
75 51 6
94 35 33
74 5 50
43 34 49
33 85 19
48 13 65
37 57 56
28 52 15
52 47 66
71 29 67
47 54 81
30 82 20
94 7 61
19 64 85
72 93 77
15 11 79
88 29 18
88 99 63
8 74 37
77 43 51
47 33 12
25 86 67
42 61 15
18 14 94
72 62 39
31 44 75
42 55 53
40 47 50
24 88 96
62 34 95
99 55 84
68 65 9
5 25 85
64 82 71
89 57 45
6 50 63
63 48 98
1 33 73
33 93 5
59 87 45
85 21 16
68 2 25
90 36 13
7 6 80
82 89 80
12 85 39
42 29 35
61 77 83
55 65 31
38 45 95
2 12 46
41 81 44
14 36 49
29 33 74
32 58 81
28 66 49
57 32 31
41 61 15
4 12 6
73 84 18
87 76 25
36 50 44
88 80 20
60 36 5
49 54 43
96 86 56
56 14 23
98 66 71
71 67 9
36 85 18
63 9 85
95 44 96
0 69 50
55 9 4
62 25 7
81 92 48
18 63 24
21 84 85
45 97 61
94 12 55
59 36 4
91 62 77
7 28 53
79 89 20
99 31 55
14 82 47
25 5 10
18 91 80
76 9 44
73 48 4
58 42 93
48 74 6
54 61 37
47 61 65
80 16 26
75 84 17
79 69 6
83 44 17
24 59 22
48 85 85
52 12 15
10 51 86
93 35 38
21 60 50
64 43 40
45 46 78
22 53 34
49 59 12
97 50 69
41 72 35
51 28 30
78 33 56
86 13 74
12 12 21
2 30 99
28 21 49
23 30 0
86 86 9
69 6 68
58 96 92
25 64 67
50 80 48
6 51 43
66 10 16
25 82 90
25 12 41
52 64 5
0 32 84
57 93 77
27 16 87
50 32 21
23 96 85
36 93 17
54 32 34
20 48 22
70 41 5
12 61 77
67 54 65
0 29 94
25 31 85
71 65 65
35 27 92
14 30 85
0 26 30
75 43 47
33 56 73
22 15 92
93 7 49
62 73 45
33 72 97
25 6 30
77 75 19
24 23 62
18 19 47
21 40 45
57 64 72
68 84 55
13 7 4
75 82 35
10 54 53
91 93 26
54 78 16
2 49 77
3 63 59
18 10 53
92 43 19
0 49 78
13 87 4
29 65 99
37 45 91
11 97 5
93 56 88
51 25 51
42 53 50
75 6 28
25 16 59
30 81 41
48 88 36
6 82 83
14 23 97
10 67 75
94 44 42
46 81 31
77 37 82
79 84 7
26 28 73
92 89 53
9 35 60
26 90 61
15 6 7
27 2 2
18 72 75
21 33 88
97 92 28
93 32 4
85 7 52
5 68 47
3 8 84
76 41 68
60 24 71
84 37 78
60 25 66
17 39 4
56 36 72
12 27 71
30 11 1
87 23 96
19 35 34
3 8 93
77 90 83
25 85 56
36 82 30
25 60 44
93 71 40
93 37 32
93 54 65
68 95 81
49 86 73
2 97 86
47 53 74
18 55 18
32 99 54
91 11 78
3 88 92
90 18 39
90 88 49
78 34 29
25 12 58
49 95 46
6 87 81
4 12 17
64 90 64
27 35 11
14 22 93
26 95 94
15 6 33
42 93 46
21 12 46
71 13 2
31 79 28
44 7 15
76 6 45
4 21 48
71 4 72
24 74 39
10 59 19
19 27 86
88 66 58
48 68 58
49 47 95
78 88 32
72 82 92
54 92 2
74 5 49
66 46 59
52 83 25
60 19 74
67 86 90
23 66 55
84 31 54
66 93 24
75 72 7
75 52 73
28 93 63
36 56 79
5 19 19
69 93 55
34 48 19
58 63 48
11 47 54
55 18 19
7 52 18
13 65 90
99 89 78
44 41 87
49 91 3
34 63 34
14 89 17
55 67 91
64 13 41
57 55 55
7 73 47
21 77 41
31 77 0
84 6 58
90 20 69
14 64 7
9 75 69
54 74 29
0 47 4
76 39 8
44 23 92
17 31 17
62 93 72
94 3 95
69 87 41
6 26 90
74 64 97
35 23 56
98 25 39
63 95 75
55 43 69
89 39 7
11 17 60
60 50 89
69 94 24
17 67 96
58 22 39
35 27 56
64 44 45
26 63 27
40 54 61
44 35 81
91 68 31
27 57 6
92 28 4
39 26 35
70 21 36
56 40 20
28 75 37
27 85 80
96 60 7
94 41 24
76 2 92
67 79 72
15 58 9
2 64 15
3 30 24
82 66 38
71 16 78
32 65 63
43 60 49
94 75 46
81 55 69
99 51 11
57 53 19
5 58 45
37 47 90
63 2 76
29 40 83
29 43 37
7 21 71
86 57 99
36 43 21
91 72 40
20 23 31
44 88 38
37 28 93
23 88 31
18 93 34
91 54 72
48 17 44
24 38 74
34 97 82
38 34 17
20 55 40
24 18 26
75 20 75
13 87 92
35 65 5
28 82 78
48 96 10
43 72 25
41 51 35
44 86 62
61 6 31
7 81 36
3 38 21
58 84 16
44 50 53
7 57 44
55 90 38
60 93 80
91 21 82
3 96 91
33 17 40
39 65 43
99 50 86
40 47 3
99 77 45
9 98 4
66 61 68
75 32 90
63 27 39
14 8 97
84 41 7
99 41 78
68 12 53
46 47 18
31 66 72
42 71 76
57 41 21
16 60 34
3 79 55
18 32 94
45 98 23
1 56 17
0 98 34
82 34 9
79 63 8
58 95 58
57 34 42
84 13 6
17 68 92
31 0 95
78 30 64
93 95 21
18 32 8
76 13 7
58 5 53
7 83 39
27 14 22
7 69 41
75 1 85
98 1 90
76 21 3
53 39 8
99 66 73
3 11 68
63 65 92
8 39 34
94 46 77
60 46 69
10 15 49
80 17 92
31 59 95
25 59 48
15 77 36
12 43 99
79 25 20
43 32 36
2 14 88
49 15 0
28 40 97
98 92 1
39 25 89
98 68 95
64 73 41
86 96 32
98 77 29
83 80 99
58 36 54
20 35 30
13 40 83
58 16 78
3 73 12
42 43 87
64 10 3
95 11 7
88 28 40
20 26 3
78 37 66
1 37 60
48 70 34
25 2 38
13 68 42
50 28 48
42 88 64
64 29 41
4 17 48
33 26 1
74 97 85
24 69 6
96 25 93
63 41 36
4 15 78
26 91 62
29 62 14
42 86 94
47 50 94
68 90 10
69 58 31
84 36 80
33 75 66
83 5 23
13 81 21
98 1 40
44 29 51
22 58 52
55 43 68
12 45 43
96 85 86
30 61 25
11 90 41
45 23 37
71 89 15
86 40 5
34 0 99
70 92 31
69 15 61
46 52 49
40 24 15
31 44 9
52 80 74
12 44 12
36 31 92
80 86 40
61 16 33
90 28 1
73 35 90
20 56 11
81 43 39
35 48 28
53 13 40
72 21 92
65 80 93
27 92 0
12 51 61
26 20 41
70 34 43
26 39 57
54 2 37
8 22 64
51 62 39
51 76 81
12 81 30
95 38 51
79 87 30
94 95 82
58 4 28
34 40 24
10 15 66
92 59 36
45 11 27
30 18 31
80 56 51
51 89 46
76 62 13
98 60 76
14 84 60
21 3 21
14 31 73
64 94 57
10 78 20
55 78 13
19 61 29
43 44 51
93 15 43
35 18 74
42 0 97
9 83 93
50 92 29
26 89 87
18 92 59
21 79 17
26 53 60
48 77 10
62 28 11
27 53 16
48 94 48
48 32 99
32 25 63
50 76 33
92 43 23
50 93 6
41 6 10
77 78 13
29 34 8
16 53 61
38 42 36
34 89 66
16 34 60
79 35 43
73 36 44
92 1 67
24 79 50
50 99 29
11 2 89
26 45 92
72 91 57
0 88 23
31 26 0
40 62 38
55 78 37
53 38 37
98 30 48
94 98 23
55 54 74
29 98 34
22 34 15
15 7 6
69 46 62
70 17 7
84 11 16
18 43 98
49 55 64
84 59 77
16 21 7
66 96 1
58 8 45
12 47 70
81 75 20
34 31 54
88 3 86
16 83 75
86 36 94
13 96 99
52 92 54
77 64 3
36 91 6
60 50 31
63 59 17
81 33 17
79 40 59
36 85 94
96 82 36
2 88 24
15 98 9
92 74 84
42 18 18
52 10 35
41 45 25
60 31 99
29 12 40
20 15 35
7 8 50
43 67 21
74 33 73
33 13 22
33 39 42
41 55 96
97 32 40
39 71 36
10 8 76
15 89 40
71 22 55
25 98 46
35 15 49
56 43 76
72 44 55
83 75 77
93 99 85
98 23 57
49 31 86
37 3 82
55 31 96
75 84 87
86 14 10
69 58 80
14 89 30
27 41 68
65 38 49
37 35 25
81 28 93
73 1 79
54 46 28
34 90 72
5 48 25
45 61 88
82 92 92
99 8 60
9 33 99
5 39 61
14 98 84
33 28 70
25 65 18
38 83 88
35 45 87
74 50 23
7 47 49
14 78 10
48 62 4
64 81 88
48 30 25
70 37 52
45 38 55
78 61 91
53 65 9
63 65 69
63 87 71
17 66 56
31 72 25
49 88 66
86 29 69
11 29 64
17 21 71
2 71 25
24 96 79
91 44 9
53 0 51
91 16 80
45 54 34
77 97 13
73 56 6
39 34 17
89 84 14
93 13 71
36 17 65
76 54 60
46 62 35
39 31 45
73 34 31
38 83 23
38 1 98
12 9 8
72 86 38
20 94 64
58 12 90
90 8 65
59 84 26
9 67 97
41 65 28
20 53 33
33 44 2
38 57 27
8 30 8
29 75 79
43 32 96
39 53 97
13 31 31
72 7 97
11 53 45
3 20 38
3 64 21
30 62 43
43 12 96
88 99 7
79 78 67
89 28 93
20 40 14
61 44 76
46 69 24
85 82 99
93 5 7
14 5 94
15 74 37
41 87 92
57 25 13
37 75 63
1 33 18
29 85 10
89 67 83
73 19 26
66 15 20
35 7 87
87 27 28
20 98 49
11 77 32
82 29 6
99 43 16
84 63 63
98 82 99
65 2 3
92 69 46
78 24 53
32 73 74
64 18 66
13 3 2
19 79 9
87 5 15
85 89 56
99 52 69
33 22 28
16 66 13
32 64 15
17 72 38
81 18 31
64 54 3
94 3 51
48 73 83
2 10 5
62 0 83
57 66 19
76 15 64
84 10 61
19 51 9
60 46 77
32 53 66
92 93 74
50 22 94
95 24 54
95 60 0
29 46 72
58 30 92
97 28 2
64 82 3
12 1 31
4 88 1
69 34 99
8 28 45
65 18 15
90 38 16
78 58 53
73 15 62
33 23 36
28 91 5
17 76 95
43 32 69
49 98 96
10 20 57
7 41 52
66 53 1
80 61 41
71 1 43
9 0 43
20 91 1
59 61 99
90 51 47
2 80 14
65 53 10
53 6 41
0 69 89
45 83 15
22 80 47
7 28 65
68 3 91
54 8 82
49 91 75
98 64 31
32 77 61
49 33 64
21 91 92
11 36 21
82 85 34
47 88 33
70 10 48
64 63 85
57 73 7
79 99 24
59 83 25
44 79 72
69 72 5
8 83 44
51 37 37
10 51 77
98 87 57
36 54 97
43 50 66
11 84 90
38 73 83
20 41 19
2 37 78
64 90 59
72 6 43
47 19 48
46 46 64
37 17 89
83 48 55
80 37 39
21 15 8
82 6 7
60 78 19
24 18 4
20 17 47
13 48 19
39 9 96
60 4 22
80 86 10
55 98 58
41 9 91
1 23 88
57 68 22
23 74 65
29 73 52
89 56 90
17 10 27
58 95 58
70 63 87
3 99 84
33 44 50
4 22 95
26 14 71
61 2 53
20 70 42
37 1 51
13 30 18
34 33 63
21 43 73
91 58 1
62 96 35
63 5 12
77 69 58
31 95 9
6 49 28
72 58 45
93 73 91
63 31 42
89 18 60
62 76 9
59 44 88
74 40 11
58 45 11
69 42 54
42 98 89
98 16 30
46 47 94
41 77 38
74 55 30
86 48 13
43 38 16
1 2 33
4 79 24
73 31 83
84 47 45
74 0 38
80 98 39
88 43 18
48 54 0
74 0 93
32 85 80
74 95 39
95 63 2
77 5 26
89 49 16
14 22 61
22 67 32
24 20 85
22 77 32
16 87 20
12 52 8
20 45 26
71 90 27
47 29 82
26 35 67
21 67 33
96 87 65
37 64 2
11 17 40
22 51 42
0 26 16
84 23 65
88 64 43
70 82 84
0 95 30
72 50 63
15 7 50
78 48 0
74 12 93
24 98 99
89 72 80
82 39 4
26 62 84
27 39 2
8 12 24
72 66 49
83 60 1
24 0 2
73 34 35
18 87 76
3 55 3
81 42 5
58 46 33
23 37 51
25 99 27
18 35 99
28 9 80
47 52 82
15 89 62
39 33 5
95 71 28
59 2 17
1 36 0
20 19 76
32 14 96
13 66 2
48 3 22
60 53 5
73 21 51
22 47 8
9 25 47
83 12 55
84 33 64
65 27 14
18 39 34
24 96 59
0 97 26
59 55 46
52 22 65
33 52 72
99 31 60
17 13 36
60 23 41
70 0 5
76 78 48
92 89 88
97 84 82
51 76 82
36 62 36
79 10 18
39 0 67
3 62 26
95 95 65
8 4 91
63 35 3
72 84 17
73 94 67
90 23 3
31 48 77
26 3 72
47 51 1
93 85 7
67 37 2
52 63 22
13 57 70
43 51 37
30 20 64
68 19 24
3 63 83
1 19 13
64 66 21
5 30 96
54 71 4
90 55 73
76 14 18
85 37 96
56 3 4
21 7 17
52 57 84
43 65 39
13 25 28
60 27 31
11 41 60
1 18 17
6 78 33
66 65 22
19 69 92
45 45 70
21 25 51
91 99 32
87 60 64
73 78 83
98 30 8
72 84 63
26 50 27
72 77 89
21 32 31
12 7 89
37 53 34
51 24 29
57 40 19
62 47 64
6 27 50
87 53 63
4 35 41
27 40 53
44 81 92
32 36 27
49 83 14
13 48 70
7 72 59
36 36 22
18 72 79
74 53 63
62 47 26
17 86 68
11 34 55
54 46 10
2 36 77
6 83 68
12 49 5
90 72 71
99 57 8
0 76 3
89 98 63
33 28 52
12 63 43
1 16 29
46 18 54
55 11 73
39 50 80
28 73 33
48 50 50
46 58 75
86 28 58
98 77 60
78 41 55
71 54 60
50 35 26
80 46 97
72 5 70
14 84 15
92 99 30
66 95 12
15 96 48
59 43 1
54 4 84
67 81 14
20 65 74
63 60 98
52 37 97
80 14 53
59 8 49
85 79 76
25 77 99
21 55 2
32 43 4
5 4 70
10 66 78
90 12 76
74 28 12
80 18 50
69 80 94
55 80 29
61 19 22
63 75 60
51 27 78
33 38 28
23 69 30
81 1 73
56 9 63
47 37 75
9 0 12
68 96 47
4 36 61
20 95 94
73 56 32
61 31 12
92 59 13
74 54 29
53 88 98
0 97 80
5 3 44
54 98 87
94 21 22
88 91 69
5 82 3
22 29 87
3 30 93
87 27 93
41 7 44
75 69 23
48 32 90
62 14 17
23 50 26
82 0 45
11 8 85
53 15 5
76 20 33
75 8 60
39 35 41
90 75 95
13 82 56
18 85 2
22 73 31
87 94 51
65 36 58
28 44 31
54 45 34
91 93 87
83 80 92
90 88 55
52 3 95
27 68 68
85 24 26
34 18 99
64 79 32
18 12 11
94 86 96
33 28 22
86 50 88
4 4 90
49 90 41
88 70 50
93 59 18
23 86 84
34 3 54
72 74 83
3 79 96
27 74 0
3 20 42
68 80 51
93 7 1
7 44 22
7 51 85
16 30 33
16 79 41
36 89 95
70 71 56
13 78 7
3 37 60
54 71 38
60 93 37
90 28 93
38 49 81
81 80 29
49 70 56
98 15 37
39 3 92
97 83 99
0 82 88
58 63 6
86 33 87
87 25 16
39 29 49
62 98 80
15 79 64
60 94 27
82 56 14
75 20 73
48 25 40
10 29 38
96 43 43
56 36 14
83 76 67
88 6 54
48 5 54
14 5 26
96 69 45
73 71 82
25 1 13
77 6 8
59 28 53
66 36 45
68 75 16
58 10 71
6 39 19
78 84 66
29 98 28
53 51 13
31 84 64
54 41 44
84 61 28
96 29 34
60 33 61
8 15 94
85 7 76
38 65 82
27 68 89
30 80 64
16 89 85
32 72 66
97 32 59
77 26 49
44 18 36
85 56 98
4 62 22
0 78 38
49 91 32
72 91 59
49 61 40
2 72 85
28 13 19
72 93 91
27 91 30
10 53 3
26 3 81
83 40 40
98 15 49
23 23 49
70 24 18
93 63 35
69 16 17
59 14 28
77 71 82
94 20 56
42 23 1
8 94 66
92 43 44
74 62 85
37 95 4
4 19 3
37 30 69
62 82 19
34 9 60
76 50 29
34 16 63
72 97 54
88 65 63
98 26 2
90 31 84
73 3 80
57 37 46
82 41 31
79 3 51
35 50 66
85 8 88
42 2 95
64 8 50
72 66 36
35 97 12
64 74 57
56 90 17
93 40 83
23 22 9
28 57 1
19 52 97
68 40 75
21 22 96
85 34 60
65 41 66
80 44 38
85 82 21
40 79 16
59 23 95
37 90 72
78 88 64
85 12 54
53 8 4
11 11 97
65 88 54
77 4 12
18 50 34
4 49 19
97 52 46
51 27 48
16 0 16
95 15 46
9 66 68
72 20 29
38 45 33
24 17 69
11 78 43
24 41 19
10 68 97
66 89 94
69 36 17
57 80 50
15 22 19
0 87 83
33 94 23
35 13 42
82 97 85
89 16 55
80 83 92
59 9 21
83 57 72
61 27 32
79 12 98
95 81 67
32 56 42
8 77 42
62 34 17
16 73 59
45 73 90
50 38 41
35 93 25
57 98 70
0 73 67
50 3 40
25 80 63
91 23 32
52 62 17
76 97 70
80 46 27
61 23 5
59 11 39
52 4 71
8 16 99
40 45 38
60 48 71
28 26 6
41 41 83
72 57 98
10 32 63
77 37 17
9 80 45
25 22 29
86 53 31
32 71 3
38 69 62
0 52 14
40 31 66
18 25 18
97 37 56
74 51 10
30 84 73
81 50 96
88 96 5
2 82 64
56 64 30
47 17 17
42 50 55
91 96 40
52 90 23
86 45 88
77 88 21
12 46 31
11 34 68
44 30 53
83 93 94
19 54 96
10 20 71
66 77 10
58 87 3
87 67 88
43 75 0
79 24 22
41 11 2
34 89 83
99 14 69
64 62 38
54 57 80
42 99 37
32 6 41
2 41 88
7 45 82
82 40 90
66 93 17
16 97 90
36 29 13
79 22 40
34 70 19
16 16 4
57 54 33
88 72 97
73 83 53
70 59 18
57 96 59
10 64 28
24 15 74
57 12 68
53 87 8
58 12 75
85 77 66
9 81 50
60 33 67
52 32 40
61 24 84
11 95 19
16 0 95
50 69 26
10 61 47
28 28 13
78 67 2
92 18 63
88 57 73
89 11 75
14 37 14
62 71 98
25 24 32
0 75 69
59 65 82
5 15 59
35 8 31
79 43 12
26 53 93
2 43 75
67 60 24
70 90 13
48 58 52
34 41 47
41 84 0
9 72 12
27 40 88
90 22 17
2 90 31
25 14 7
73 96 67
12 57 76
73 2 65
71 93 58
41 18 62
55 71 85
96 38 94
14 80 74
1 7 31
72 47 62
58 88 76
88 51 55
81 20 77
42 13 13
60 62 18
4 75 34
61 99 47
89 65 27
36 68 46
22 58 97
86 57 81
3 52 86
75 75 27
82 7 60
41 15 39
46 90 42
5 48 79
66 96 72
13 80 12
40 19 43
40 31 32
66 80 42
1 89 46
29 11 41
82 64 28
49 61 86
64 82 58
76 77 20
92 18 75
2 42 71
0 72 31
53 76 16
83 75 75
7 50 70
4 8 83
20 22 12
55 57 36
63 10 36
65 0 40
8 30 45
41 38 65
71 96 31
95 41 17
73 76 33
66 3 20
49 78 38
45 84 23
6 69 94
36 83 37
99 98 5
81 75 91
83 19 19
16 0 70
88 74 57
49 44 17
17 61 92
17 41 75
0 51 7
29 31 99
33 38 32
64 62 9
24 58 69
91 3 20
18 88 16
8 41 76
57 51 55
10 72 36
73 81 90
29 84 11
66 36 38
66 47 55
92 7 97
67 94 33
34 53 13
12 28 41
51 17 26
57 34 67
56 90 75
26 59 74
93 98 15
43 16 0
7 32 33
10 26 20
70 20 66
93 78 10
16 28 99
60 46 46
5 31 31
95 34 52
73 44 67
47 2 42
80 16 70
26 57 4
86 23 30
47 52 36
32 81 72
12 84 43
32 2 78
33 87 28
58 86 58
37 83 35
53 59 90
68 40 73
72 35 17
15 3 84
9 72 16
63 59 7
75 0 13
81 2 65
94 55 89
22 83 14
52 99 80
93 19 57
13 62 78
81 88 50
15 30 21
92 65 11
85 35 34
35 82 6
68 30 91
35 82 36
62 45 60
80 51 9
46 34 90
73 37 93
83 44 81
40 25 47
45 45 83
86 41 96
33 73 37
73 97 96
20 57 38
24 0 95
89 39 54
20 83 89
5 49 9
65 84 71
58 60 51
77 59 92
25 79 85
26 99 38
68 18 51
18 83 69
76 65 0
90 59 80
1 34 26
19 4 16
84 53 43
22 56 45
98 17 29
75 58 50
32 52 25
91 64 32
95 27 19
20 45 83
51 66 34
68 40 72
5 10 73
9 47 21
9 66 92
88 82 86
57 23 45
57 86 83
50 99 93
35 61 69
41 3 14
21 12 49
35 81 40
70 56 95
13 20 50
96 30 93
74 5 75
36 55 86
99 37 51
77 67 13
80 28 20
83 36 82
38 80 70
27 9 48
39 47 1
89 90 15
42 25 43
71 55 46
50 5 22
74 74 35
90 49 67
40 13 37
16 78 62
90 61 56
33 30 66
26 52 66
3 34 16
42 30 95
88 70 81
64 17 92
41 56 64
18 88 33
84 14 86
81 54 66
0 61 33
16 7 11
74 66 63
88 11 62
81 32 54
3 93 74
97 93 47
6 37 58
6 23 85
90 25 55
60 48 11
47 12 73
2 52 38
42 1 68
33 23 5
39 40 43
28 40 50
51 22 21
60 48 13
83 71 11
59 57 60
83 86 70
54 16 13
81 64 71
77 21 89
30 54 66
19 19 50
6 71 21
62 97 27
67 89 36
23 97 93
93 57 58
80 35 60
76 96 57
68 63 29
44 34 81
87 61 60
50 84 87
46 29 12
29 4 14
6 34 37
68 15 83
62 36 30
89 64 87
6 95 97
60 90 53
61 47 82
86 13 65
21 68 16
12 32 9
16 53 89
24 36 12
99 49 29
22 20 89
85 16 54
19 26 13
16 68 43
15 8 68
0 21 89
87 32 11
4 73 82
22 15 25
62 13 88
7 29 25
61 85 91
23 33 2
17 88 72
67 12 62
59 12 7
83 50 48
22 81 11
28 51 56
89 57 61
71 41 90
37 84 11
72 4 33
34 27 75
43 69 45
56 9 66
99 79 24
48 69 71
37 60 97
72 58 91
43 67 85
69 43 30
13 26 92
91 96 31
82 58 48
36 50 47
88 58 3
74 26 32
9 29 97
67 63 66
43 69 56
31 94 42
72 79 44
85 54 39
9 63 4
8 69 50
1 9 58
86 12 74
2 37 55
20 49 63
99 23 48
77 41 58
64 39 69
1 52 48
40 26 18
70 16 74
68 29 57
74 66 11
6 20 15
36 79 42
69 82 87
99 63 91
9 60 14
24 17 38
86 65 11
58 12 48
11 87 52
30 67 33
50 12 89
83 73 69
73 45 33
19 77 7
90 17 44
57 78 26
99 61 9
7 22 21
60 75 30
12 7 17
19 79 79
59 73 89
37 70 18
88 39 68
61 83 45
40 13 44
87 77 37
41 2 26
13 10 86
90 38 55
15 84 22
72 34 40
52 88 58
60 84 56
60 70 15
32 1 64
88 6 13
97 43 96
56 84 68
53 37 22
76 30 91
10 53 65
2 79 19
36 24 48
88 49 74
73 21 15
66 40 80
84 3 98
31 78 39
4 96 84
98 77 98
63 88 74
67 4 64
83 97 88
2 44 80
16 60 80
86 91 89
14 53 29
52 84 24
55 52 66
28 36 44
18 8 2
27 58 49
39 62 83
90 51 68
50 11 40
44 19 81
73 76 51
43 70 14
94 88 56
16 59 87
52 33 37
69 90 57
70 32 32
88 96 99
75 74 27
61 91 47
99 67 70
51 44 33
17 72 59
68 78 98
35 25 36
33 49 32
24 36 18
26 1 71
63 53 79
56 27 24
98 49 24
17 38 19
52 41 20
65 29 78
28 21 99
28 69 1
43 80 49
16 82 39
9 2 74
19 93 38
14 25 81
41 25 78
41 45 98
20 34 20
86 71 38
30 61 8
91 64 41
55 55 76
85 61 76
3 7 18
32 77 21
81 54 92
62 12 97
13 14 18
41 37 89
72 30 84
5 50 63
96 95 63
32 65 16
7 92 71
73 7 76
46 64 89
91 41 99
97 33 20
74 30 21
45 16 87
89 29 47
70 99 12
2 23 74
6 77 17
79 53 61
19 56 25
98 67 9
58 25 33
75 61 17
39 48 58
70 15 71
80 86 80
27 64 26
19 51 96
22 40 56
39 54 7
8 55 53
20 22 28
67 9 39
64 65 17
33 55 39
96 61 71
59 74 19
96 27 23
38 64 73
96 46 3
32 22 40
5 82 80
99 95 10
17 15 23
44 86 78
67 98 41
40 46 87
46 33 92
35 56 99
50 78 61
17 64 17
46 77 3
88 8 80
29 18 6
27 50 13
50 95 87
35 13 4
21 61 62
9 93 91
92 76 99
73 40 17
56 71 4
72 40 34
94 78 33
0 45 55
45 7 8
48 31 51
65 43 90
29 53 82
77 11 49
16 1 27
58 33 76
92 27 41
61 11 61
48 5 94
5 3 5
22 1 76
99 92 24
11 12 37
34 47 64
70 77 82
67 2 55
54 85 42
25 69 32
8 15 82
73 46 72
33 45 34
87 59 79
28 52 21
91 93 53
98 6 6
77 85 9
84 1 2
45 74 53
12 26 82
44 83 15
66 14 10
36 95 61
94 25 44
41 23 89
74 71 19
25 51 35
98 46 86
97 66 84
96 58 99
90 51 71
87 2 49
25 4 87
35 3 50
67 65 50
29 49 44
53 8 85
89 73 82
41 92 42
55 64 26
90 57 24
74 72 43
55 43 16
65 14 8
24 48 2
85 75 37
15 0 97
78 75 4
91 12 90
44 0 79
27 96 69
62 80 77
44 13 93
60 69 60
71 19 0
41 16 27
44 81 36
87 93 18
34 83 50
8 33 26
28 10 14
57 49 65
62 43 69
2 73 41
39 46 10
46 81 46
65 2 24
44 29 85
43 27 27
57 70 33
12 91 29
53 38 63
64 92 42
35 84 53
85 76 12
46 24 78
0 81 80
18 1 74
10 17 78
15 40 79
9 14 19
21 81 12
76 6 2
64 2 5
24 23 49
55 80 51
38 0 52
1 21 6
75 22 29
92 56 0
50 79 5
11 5 39
72 2 21
69 86 84
39 13 16
40 46 23
74 67 3
78 0 6
3 89 92
47 84 83
4 88 0
97 9 86
21 51 32
79 41 55
86 31 36
41 81 44
95 49 50
8 51 81
86 31 68
94 58 13
92 86 49
93 91 84
66 0 94
67 85 74
34 33 70
12 72 78
90 60 38
61 99 50
43 33 8
76 64 82
72 93 12
8 14 26
82 29 61
24 3 85
92 22 10
48 73 65
42 83 86
80 8 66
65 24 72
89 27 96
53 63 10
26 16 93
61 15 50
45 1 61
13 93 74
66 25 85
36 11 92
62 13 21
1 81 52
80 82 63
71 91 89
9 2 32
30 56 56
84 10 18
77 42 18
95 96 48
98 43 86
25 82 66
38 53 8
64 55 58
59 59 71
16 48 14
26 94 16
18 81 14
76 73 24
70 52 59
90 49 46
63 46 3
69 18 55
52 21 65
5 91 72
48 55 19
87 16 64
41 63 41
9 65 27
61 93 87
35 5 46
95 1 57
34 1 63
0 61 70
94 5 38
84 95 0
44 50 37
93 79 55
99 65 9
51 66 84
4 57 8
7 45 20
11 70 75
20 38 98
74 33 84
49 79 55
21 74 37
3 51 60
81 45 72
87 25 58
14 10 52
61 20 43
87 70 12
82 76 12
19 75 47
32 16 91
54 37 71
90 65 46
73 84 28
81 40 0
2 25 42
69 6 91
61 1 16
2 84 8
36 0 11
50 34 59
81 67 35
39 20 58
35 36 74
42 39 88
15 67 33
2 82 79
10 74 19
16 86 30
7 8 55
1 88 14
42 9 6
44 73 75
57 65 53
24 75 96
58 97 98
95 88 95
24 34 69
95 53 96
46 35 25
61 50 59
74 13 39
50 47 82
50 56 98
73 65 58
80 53 62
62 1 63
77 19 79
58 53 53
69 19 3
39 1 97
3 38 24
8 3 28
36 85 28
72 42 6
81 66 11
53 14 45
81 52 46
77 30 11
74 36 51
23 94 78
54 35 70
97 49 72
86 69 64
69 66 82
75 44 68
27 52 46
90 11 44
22 50 60
76 60 98
31 27 70
66 68 86
79 18 50
38 16 97
84 29 90
48 21 14
33 0 75
27 92 80
29 6 19
39 53 50
26 92 95
88 30 45
70 45 56
93 53 64
92 38 36
3 71 58
92 27 95
44 86 31
35 87 52
76 53 37
89 40 67
31 82 86
30 78 0
3 11 92
9 0 78
50 34 35
14 95 54
65 74 58
53 62 32
78 68 14
30 75 37
80 50 13
83 38 73
6 98 67
32 2 19
33 39 4
13 28 14
15 71 29
91 62 15
65 25 16
74 62 20
1 37 77
39 86 27
98 61 45
32 33 24
46 2 67
58 95 98
96 69 27
17 32 23
62 68 12
8 18 33
72 71 54
80 86 30
13 31 89
98 34 5
7 90 26
46 25 56
5 11 94
34 45 68
87 89 26
64 77 46
21 19 70
7 13 79
99 83 12
82 42 41
66 47 7
2 36 82
82 94 39
18 92 22
99 42 52
77 88 84
60 25 62
50 32 14
97 99 61
9 65 58
73 6 34
52 48 65
73 33 72
33 38 91
9 80 96
27 60 87
15 11 72
32 51 51
93 76 49
59 83 13
33 95 55
6 45 12
41 11 15
57 5 43
95 77 12
67 52 21
82 96 54
11 48 53
34 44 29
63 44 19
11 59 98
90 40 68
99 8 92
43 51 75
79 86 47
3 23 44
75 67 0
45 20 90
39 4 50
63 13 64
67 27 66
67 96 87
5 40 87
27 50 7
72 73 98
44 74 80
99 32 25
56 94 81
95 89 50
36 89 37
72 95 3
7 30 46
74 75 17
61 29 7
93 90 88
66 93 20
26 99 53
53 95 0
46 2 1
21 67 19
68 19 89
76 75 19
80 20 57
70 26 35
94 34 46
48 96 35
69 5 82
90 67 99
36 88 91
36 90 98
76 99 60
66 85 56
2 94 28
91 7 38
79 37 39
87 11 9
18 69 42
1 55 98
62 84 32
58 22 33
19 93 37
28 61 68
56 35 8
54 63 68
60 39 0
94 0 46
2 6 64
87 69 43
37 46 74
40 27 61
62 90 41
56 82 89
87 32 77
16 93 75
24 21 57
58 55 91
54 90 65
24 60 43
54 3 56
13 9 9
98 23 10
52 99 63
2 83 45
97 5 79
22 70 32
53 79 0
35 18 18
4 11 41
56 56 90
90 16 3
52 3 77
24 7 21
86 98 2
6 15 98
64 58 39
39 86 38
8 47 29
43 7 25
3 21 52
34 34 0
37 42 60
92 47 26
76 56 7
15 19 95
67 58 80
40 75 33
35 17 51
25 7 71
76 46 29
1 50 84
83 32 67
61 49 35
42 4 85
25 83 94
42 40 6
32 51 66
25 30 74
88 50 79
16 82 49
9 0 22
84 99 82
71 6 61
47 7 81
99 69 32
20 23 60
26 88 40
39 30 23
3 6 14
71 95 71
74 66 19
34 4 70
71 3 34
5 0 24
78 68 49
34 85 95
53 65 47
55 21 86
14 15 63
81 65 50
64 0 96
72 86 99
83 6 38
99 19 12
96 60 26
9 74 29
87 67 32
43 64 71
83 38 56
73 82 53
23 61 71
3 63 6
12 99 64
54 78 43
2 88 88
11 37 57
52 95 76
53 87 61
79 64 87
78 98 36
59 96 11
29 91 31
42 40 84
32 65 3
2 6 43
91 56 74
60 27 21
79 92 39
66 8 98
34 10 41
13 84 42
88 80 38
49 55 18
79 2 79
30 8 8
10 59 89
13 55 50
83 80 70
9 23 32
90 22 98
41 29 81
0 19 38
41 85 45
5 97 76
15 92 85
11 19 90
88 18 50
61 34 47
44 29 5
95 51 33
12 43 34
20 70 28
73 94 39
62 60 81
27 32 16
23 0 73
71 8 40
85 0 74
39 2 14
63 10 70
93 62 39
71 0 91
98 44 36
43 0 94
81 31 25
48 8 18
89 20 28
88 28 53
82 43 19
13 31 6
61 18 12
72 76 92
47 65 36
52 22 15
22 93 78
5 61 89
60 63 30
89 95 34
30 98 3
91 10 64
82 12 11
38 13 42
10 73 4
34 2 18
39 25 55
51 26 97
58 31 63
71 74 40
75 78 73
87 6 1
17 60 42
97 73 87
89 75 16
4 50 1
70 57 23
97 95 67
34 15 44
14 41 42
95 12 3
30 33 5
49 7 0
19 9 53
25 97 35
5 63 57
14 27 94
5 10 40
98 57 60
76 2 92
28 54 76
93 74 91
40 6 74
43 47 7
67 78 14
8 55 40
12 80 31
99 27 22
71 33 15
91 25 23
75 55 87
93 80 4
72 69 27
0 93 8
57 36 23
97 71 55
89 8 85
78 80 48
10 30 17
82 90 13
92 19 52
53 69 2
6 80 72
56 79 32
72 87 45
80 56 11
62 40 82
47 3 30
65 30 12
64 2 64
99 73 96
39 0 98
95 19 1
44 12 9
10 95 58
57 12 13
92 79 88
63 5 94
68 21 92
51 52 91
68 59 24
88 40 92
58 71 48
16 57 4
99 46 8
5 66 14
16 58 77
1 1 49
96 73 77
45 22 67
97 5 22
34 15 54
12 75 57
57 44 17
2 23 64
32 97 24
99 46 58
74 7 52
6 20 39
27 76 87
85 57 30
85 52 65
59 11 37
14 43 18
1 38 76
59 69 58
56 73 35
51 38 47
9 95 43
14 87 99
37 70 11
32 61 1
66 60 31
44 22 20
43 82 41
53 67 26
29 82 34
5 82 83
92 94 93
67 24 75
3 40 84
76 77 56
54 20 94
71 57 40
84 78 16
88 28 80
87 27 51
91 16 12
44 34 20
24 66 64
71 43 56
65 96 93
26 20 51
56 41 74
74 33 48
66 25 69
68 16 1
41 10 31
63 97 16
72 73 74
7 98 3
44 62 81
89 9 47
50 37 86
67 41 44
72 71 29
85 78 50
55 45 24
92 46 11
52 90 41
25 38 53
35 25 99
95 92 54
67 19 53
39 54 52
62 75 45
87 40 80
29 34 71
3 4 28
98 75 82
89 9 83
4 85 8
26 65 19
87 50 16
1 5 42
2 90 88
11 41 65
8 10 47
92 6 33
13 58 38
70 73 26
60 28 92
67 1 18
76 78 51
34 8 53
67 74 88
82 11 50
52 23 88
46 79 58
23 37 90
16 93 18
5 44 82
82 37 80
73 67 91
55 35 75
12 65 77
80 83 49
3 77 36
50 94 12
17 10 3
9 20 9
36 55 78
26 14 15
74 11 63
0 45 43
32 11 16
73 86 51
13 35 38
67 24 0
30 73 49
62 2 24
87 61 17
3 92 41
25 78 97
18 23 13
46 86 67
54 82 35
58 43 76
49 79 85
64 86 60
72 89 67
9 59 19
87 87 55
20 51 6
85 23 38
99 36 20
98 32 37
7 35 61
59 73 97
43 54 7
49 53 68
43 58 37
56 0 78
71 21 86
28 67 76
33 57 17
58 62 54
44 45 77
8 30 0
79 12 83
19 54 86
9 44 41
45 89 2
21 98 47
55 95 20
38 52 69
8 26 39
70 61 87
25 79 63
50 93 3
76 89 73
25 77 53
92 86 63
52 39 61
47 65 65
81 53 3
31 50 66
71 9 4
62 43 4
20 33 35
80 75 67
73 34 21
18 53 86
24 31 65
83 40 8
1 59 50
90 17 95
67 4 66
15 82 74
94 44 13
45 52 85
83 81 33
5 49 57
42 27 76
31 61 5
77 55 41
91 33 4
67 11 64
27 70 83
69 16 89
89 35 63
97 35 87
35 66 5
75 15 4
14 60 58
43 32 46
72 68 25
79 2 94
81 21 47
35 28 3
78 33 98
35 87 27
98 21 0
20 39 68
60 33 63
50 52 90
52 23 4
7 81 79
90 52 70
4 71 48
43 0 71
16 28 14
31 97 29
78 2 23
76 90 28
51 73 58
86 95 99
72 24 0
27 87 53
74 90 65
28 89 77
0 64 8
13 20 70
96 90 43
68 84 32
83 12 33
93 96 54
31 21 16
83 37 18
20 44 37
86 91 51
26 18 59
57 81 21
18 90 96
79 90 80
98 3 26
35 49 42
28 48 84
7 20 76
77 77 93
89 52 47
48 9 69
15 15 17
74 3 43
10 2 4
3 75 79
59 98 4
36 74 41
35 20 32
21 61 54
55 72 4
96 38 36
45 61 32
68 1 74
22 77 83
21 39 30
97 42 83
81 85 53
45 24 49
78 86 9
57 42 48
13 21 20
11 31 72
22 30 94
12 18 34
99 18 84
70 44 74
15 89 99
76 71 51
39 23 12
25 75 48
50 80 61
72 61 81
47 69 57
64 84 54
23 53 16
7 14 99
94 55 72
15 17 29
16 69 87
46 58 2
51 17 21
9 5 77
93 48 18
57 2 27
81 46 79
93 16 38
39 61 64
74 5 47
5 39 34
92 23 65
41 76 36
30 79 40
67 11 69
4 31 52
32 22 70
29 29 44
9 12 88
42 99 98
81 75 93
78 1 12
72 60 58
83 33 82
45 97 27
75 32 22
63 33 11
23 66 42
57 81 43
28 23 49
32 79 67
38 95 31
69 11 88
37 29 66
68 57 71
28 16 31
71 3 15
94 38 7
4 13 46
94 71 20
41 79 69
47 82 92
87 72 24
83 81 63
49 60 85
60 28 9
71 84 95
78 5 27
38 48 81
46 44 57
31 82 92
54 75 15
38 14 50
82 85 7
12 37 69
59 72 83
59 48 49
13 79 88
0 1 82
96 48 46
64 23 33
50 71 86
47 48 20
41 28 65
93 93 13
69 21 56
87 54 27
92 29 33
32 50 48
60 32 24
73 90 35
26 5 35
84 80 31
47 5 83
4 13 74
2 51 1
55 49 45
55 11 82
4 71 75
4 91 8
49 23 10
81 2 7
6 60 69
86 54 1
15 80 63
97 14 43
39 3 99
86 23 92
14 55 14
61 76 38
13 45 23
62 81 52
14 63 28
17 62 2
15 65 14
89 50 6
49 2 30
99 74 31
12 69 87
14 22 95
33 31 97
51 37 2
82 46 26
60 46 7
10 88 69
7 71 4
3 49 46
90 65 72
59 25 23
13 49 31
11 56 58
80 74 70
88 4 18
72 28 71
5 79 57
49 9 96
16 23 6
31 50 98
1 47 78
81 74 18
91 78 63
24 8 41
59 7 35
43 81 57
81 59 15
98 93 50
56 60 41
49 67 20
66 56 27
63 28 90
69 9 34
92 41 31
64 23 5
59 65 83
46 17 21
71 28 82
26 60 77
60 96 44
18 63 2
15 61 5
77 27 26
22 79 5
81 98 50
56 78 24
98 25 70
18 0 9
9 55 17
74 36 83
45 3 14
56 89 62
5 7 67
22 41 93
33 58 12
11 72 3
93 97 78
65 81 41
89 55 81
24 87 3
82 6 64
31 64 57
14 12 54
89 25 98
59 93 83
48 44 32
22 76 12
65 74 63
54 9 27
82 88 76
42 96 72
78 24 93
84 87 59
99 0 51
56 27 38
84 39 81
80 30 71
10 4 22
25 41 95
34 53 30
17 35 43
50 66 89
93 37 61
84 67 26
89 97 86
8 48 71
50 82 38
14 75 32
38 66 73
58 84 43
66 25 72
99 9 78
50 76 16
31 18 99
22 35 17
45 24 91
11 35 98
97 31 65
5 60 92
70 6 51
69 6 5
7 75 98
28 13 41
8 49 54
41 60 26
61 93 55
24 62 36
6 73 91
18 14 82
10 56 17
79 0 63
84 89 52
90 80 26
3 21 88
99 6 50
38 73 35
4 60 67
41 59 51
51 81 48
18 52 53
58 90 75
63 57 51
63 84 93
75 66 39
93 4 48
36 70 60
99 87 72
47 78 85
45 22 35
36 14 38
89 31 36
81 78 44
64 62 0
15 79 36
27 41 92
82 14 53
22 26 41
62 5 23
44 83 8
59 88 68
46 85 8
99 95 41
61 95 20
43 81 35
84 26 42
85 63 62
99 8 46
65 16 97
66 45 57
42 26 2
56 84 6
42 14 48
98 68 1
33 1 33
5 67 63
32 71 49
4 54 21
55 94 96
53 51 57
22 55 21
10 80 82
38 72 24
40 56 90
46 42 59
20 51 6
56 88 42
18 83 38
57 73 30
92 1 48
8 85 10
39 15 61
88 23 9
95 2 92
6 23 48
17 97 60
58 76 14
66 37 27
75 22 77
26 1 68
43 0 0
45 49 92
82 51 28
93 71 52
25 52 50
2 4 91
79 71 99
1 55 21
52 55 95
68 65 52
17 52 64
30 42 37
12 97 7
61 2 45
60 22 1
1 20 26
61 38 21
77 4 6
46 64 20
78 55 16
41 93 61
54 97 91
84 48 69
19 8 38
56 1 87
98 50 57
34 56 17
72 97 89
15 8 79
66 85 56
77 29 16
35 4 69
79 57 99
98 41 35
97 28 19
85 93 93
55 18 34
84 63 93
27 41 6
36 93 44
91 6 28
24 24 0
72 81 97
6 3 67
54 99 0
78 92 0
12 17 18
1 64 67
89 77 91
69 62 47
54 74 15
19 94 40
2 81 88
63 21 35
74 86 85
76 32 45
11 1 14
6 94 37
66 38 81
48 92 62
25 19 43
38 59 77
29 75 6
83 21 25
71 91 59
29 28 39
21 20 35
30 45 36
58 26 38
19 29 12
25 9 38
97 69 43
12 64 16
0 55 40
1 27 24
10 47 5
9 89 95
44 91 24
70 88 27
12 68 6
50 17 4
9 17 8
77 37 37
40 31 15
12 14 99
47 14 40
94 97 34
6 42 0
2 46 57
12 56 11
94 67 59
89 35 45
73 16 30
80 47 36
23 58 77
78 60 60
25 70 0
39 68 67
90 78 15
82 37 29
12 5 24
3 10 82
6 77 59
94 50 1
15 77 29
47 49 63
76 85 43
2 32 71
19 22 7
84 81 59
59 39 78
51 43 21
90 38 63
10 63 92
47 44 29
84 82 73
58 9 73
60 22 45
40 30 96
18 11 47
27 69 94
14 38 65
59 51 9
46 6 73
58 63 51
58 76 51
64 32 17
75 84 8
58 33 53
12 12 21
86 29 10
49 78 37
57 17 76
92 87 58
28 89 8
15 16 23
81 76 23
86 92 14
41 4 2
64 42 24
38 58 37
35 8 13
27 40 19
24 43 49
23 2 9
88 32 92
56 88 50
97 47 50
47 6 51
77 63 38
67 37 66
40 11 30
21 43 10
89 25 15
44 67 96
75 72 91
41 64 71
70 38 9
7 82 31
84 24 4
70 62 58
23 93 52
88 73 4
63 64 30
45 61 36
22 12 78
92 75 12
75 89 0
6 28 58
65 35 67
55 17 66
39 9 74
34 92 97
31 10 36
69 50 32
85 73 49
33 53 56
59 57 65
61 5 60
92 27 25
46 22 59
36 32 57
97 34 87
1 21 0
14 28 4
3 85 91
29 34 73
26 66 91
33 87 86
72 13 2
58 98 45
30 29 15
70 1 83
31 55 79
52 35 57
41 68 99
73 7 30
87 27 7
65 28 2
56 96 98
78 79 36
76 45 42
87 10 5
95 15 67
39 89 81
48 64 55
43 85 1
63 80 67
49 12 39
22 44 10
85 43 10
98 73 48
45 39 65
71 57 13
72 78 31
32 9 14
97 30 28
35 40 37
61 12 80
36 95 93
3 15 3
17 93 85
37 20 39
33 87 42
35 88 92
89 1 80
56 24 42
87 88 59
38 85 67
94 59 65
83 86 77
1 7 51
55 35 88
59 64 99
83 65 68
8 72 0
96 27 17
86 20 9
85 97 13
24 32 49
68 91 78
51 28 70
52 70 75
93 39 60
80 31 0
6 13 88
98 31 87
30 25 71
25 44 96
98 58 82
44 61 79
25 14 30
52 11 29
32 84 67
27 1 38
36 39 77
72 60 97
57 14 60
37 12 48
56 59 34
39 52 51
31 40 33
52 67 32
55 75 47
47 47 16
90 16 34
92 14 22
34 32 6
12 79 78
95 50 96
58 46 97
84 53 27
64 90 19
83 66 75
79 49 29
97 62 9
44 22 37
9 82 68
90 66 50
3 83 81
60 63 21
10 16 14
9 91 89
43 29 40
75 77 21
63 47 73
92 14 23
30 74 68
75 75 9
29 92 89
96 69 80
44 96 74
28 47 83
85 24 41
5 89 63
25 66 31
27 1 91
44 28 3
50 63 88
76 75 73
22 50 94
52 57 58
8 20 22
9 2 21
36 75 74
20 18 88
78 28 8
45 24 4
1 40 11
27 93 98
53 82 19
11 31 49
66 83 83
73 0 20
44 17 87
16 44 91
88 97 4
18 74 46
5 66 51
25 98 32
44 49 78
71 54 94
75 63 36
12 44 21
52 12 63
76 97 37
36 6 42
33 59 56
91 49 80
14 88 89
26 21 93
81 49 9
91 12 62
79 93 14
30 4 99
31 31 86
41 36 37
2 66 40
63 82 0
14 33 92
71 95 13
98 69 26
99 49 65
40 37 81
75 51 85
26 65 14
79 52 74
87 61 90
95 17 11
84 32 72
22 34 24
71 99 51
80 35 22
39 65 14
85 17 31
91 96 51
36 62 81
80 97 99
75 68 3
22 39 32
46 74 24
49 91 82
61 42 75
13 94 11
43 1 65
10 9 64
59 92 4
93 24 10
6 69 62
78 52 74
34 27 98
80 59 48
20 17 89
34 59 51
99 45 86
57 8 34
78 50 43
56 74 72
36 41 70
44 17 40
47 36 36
5 76 0
16 95 44
28 48 56
14 0 95
47 25 41
13 59 69
46 1 74
52 6 69
1 29 1
49 73 47
38 4 91
56 8 25
25 21 52
63 31 6
75 59 6
44 1 31
50 75 16
84 90 28
38 46 43
97 80 63
83 80 31
2 92 14
34 69 61
45 79 52
76 24 71
76 70 8
16 94 29
90 30 55
15 98 26
20 64 52
19 90 85
78 19 43
15 98 48
70 49 83
24 31 11
75 0 96
28 55 55
80 83 23
30 55 33
23 81 71
39 17 73
37 57 56
29 93 65
75 6 78
87 25 49
66 36 2
5 23 22
23 34 46
82 37 38
44 92 39
7 39 59
46 43 85
81 89 83
14 85 60
86 85 42
15 24 3
41 81 29
15 66 91
35 20 55
6 97 62
24 67 60
93 30 85
18 28 44
3 67 47
59 26 52
47 92 38
65 99 28
97 49 96
1 30 9
89 10 6
69 79 93
11 36 18
28 26 97
52 99 40
32 38 9
91 55 34
61 25 57
57 54 96
61 54 57
45 58 47
46 24 64
79 33 63
2 89 86
71 92 82
54 18 49
96 56 34
50 22 81
41 40 70
30 26 91
35 3 92
97 16 78
65 35 20
84 68 69
68 29 81
85 17 25
26 18 40
77 99 92
57 15 10
62 93 25
86 58 4
11 45 65
93 33 15
31 80 47
78 44 32
26 97 48
16 33 60
77 88 54
38 40 18
30 72 45
38 26 76
78 45 71
53 11 29
39 42 77
85 32 70
25 63 47
11 38 19
74 25 62
29 62 99
67 74 32
69 17 15
34 84 13
1 88 74
43 50 23
93 62 71
19 33 98
37 70 55
58 71 37
35 25 40
51 87 19
16 94 77
3 83 74
9 32 26
6 3 14
40 84 66
48 61 11
76 82 98
16 20 53
26 63 36
41 97 17
74 14 68
43 52 80
12 47 78
48 51 79
63 92 96
85 79 95
60 18 81
39 10 55
30 98 9
7 3 72
80 78 41
38 56 79
30 46 57
50 80 18
40 6 45
12 11 63
6 99 65
49 87 59
99 72 27
27 3 29
28 57 65
27 41 4
85 64 4
73 67 64
82 43 17
23 0 60
18 96 19
87 17 13
18 52 81
50 90 29
66 55 7
11 32 88
54 46 98
96 91 80
40 59 91
79 3 84
94 68 11
10 25 89
11 86 39
16 61 50
87 45 95
83 28 66
92 89 36
7 7 56
83 63 39
89 66 77
71 88 18
52 0 7
9 16 40
63 42 94
62 66 79
74 92 58
46 50 79
92 36 91
98 52 32
99 10 11
37 75 77
79 57 24
57 86 85
9 25 17
95 99 68
7 19 97
10 50 45
30 95 96
15 4 57
72 90 38
52 44 82
16 50 66
26 79 57
76 79 51
20 82 90
22 99 49
27 64 18
36 68 51
24 25 19
64 31 86
43 18 57
96 77 96
90 25 9
3 2 81
98 28 6
74 76 65
71 85 1
91 94 93
66 57 35
49 94 43
1 11 25
72 18 25
17 14 15
97 76 54
64 82 79
55 4 13
2 50 83
60 59 0
6 17 32
88 79 62
26 58 10
4 71 99
90 31 71
16 38 91
89 28 94
1 60 73
7 33 89
89 4 79
32 26 79
86 9 71
64 55 46
26 26 39
55 79 20
9 50 78
81 63 42
80 16 75
88 47 82
74 0 60
73 79 94
45 76 28
36 10 86
5 83 0
51 23 2
98 40 47
21 11 71
17 70 69
95 13 14
20 89 60
0 14 56
82 36 8
53 66 93
74 82 0
43 37 74
61 94 12
6 49 64
42 13 3
3 52 52
52 68 57
47 11 13
47 2 18
36 62 72
96 39 73
68 96 90
10 84 86
14 59 74
48 40 25
58 0 25
92 79 97
37 58 3
46 81 39
63 76 66
89 29 51
25 86 60
80 70 51
64 41 96
32 70 20
4 30 11
43 48 10
33 18 68
7 48 46
82 91 17
74 43 75
41 35 40
12 22 42
53 5 70
25 26 52
50 98 69
94 86 33
18 87 6
17 59 10
6 21 93
43 43 7
49 23 84
26 38 17
83 97 67
73 6 10
46 65 96
22 45 74
50 64 4
40 92 2
94 99 96
86 91 51
0 62 61
32 3 80
34 94 6
36 66 40
97 81 83
34 96 51
40 34 29
35 41 5
97 78 69
64 21 77
40 93 29
0 87 17
20 26 23
71 30 9
84 25 2
43 62 18
63 46 84
25 87 35
57 29 86
96 41 18
53 81 93
95 54 27
23 59 30
23 87 50
1 59 18
81 17 80
40 27 99
61 8 0
25 88 40
3 13 50
78 73 33
57 74 44
28 90 26
72 48 60
7 3 21
47 93 7
1 53 43
72 62 59
72 68 20
44 88 34
91 27 30
61 35 39
39 86 38
97 42 10
4 3 14
53 93 75
22 66 83
53 50 41
13 64 8
39 14 57
77 15 94
49 51 69
10 93 7
78 16 55
14 0 27
36 22 88
16 70 15
37 75 67
35 9 96
6 8 25
19 20 89
19 62 61
64 46 60
18 26 3
60 86 88
74 19 76
41 61 62
82 1 35
33 35 69
75 83 52
96 20 5
30 15 90
46 21 63
35 8 57
11 22 42
14 32 73
42 52 33
3 13 76
99 11 19
42 69 55
90 64 35
92 58 42
83 46 29
61 1 50
0 12 67
94 11 19
80 41 18
3 20 14
57 29 35
88 67 42
23 10 19
83 71 71
83 31 84
91 77 71
21 24 72
6 6 11
78 8 87
38 27 31
87 28 8
24 45 73
57 7 11
75 31 63
41 3 95
70 89 48
66 96 87
73 69 28
14 54 50
61 7 13
79 59 78
72 85 19
34 21 37
44 64 5
7 38 39
78 77 72
94 98 42
54 35 96
82 59 72
47 82 21
35 16 34
38 60 83
64 32 84
60 97 32
27 28 21
57 92 21
36 96 11
14 98 34
34 27 7
98 68 57
38 41 20
52 90 9
89 33 41
23 93 45
42 87 74
11 2 88
75 0 77
68 29 58
41 83 83
2 53 5
14 0 0
26 41 37
36 61 75
18 49 32
85 90 41
66 71 1
36 96 81
78 61 22
7 91 53
58 28 75
54 90 47
76 78 90
1 22 77
48 51 88
11 73 46
72 80 71
65 65 39
69 62 66
13 90 9
61 53 55
26 39 4
68 16 34
78 75 52
96 59 12
52 61 68
29 9 61
96 28 5
12 60 45
82 96 44
84 85 92
81 70 69
9 29 41
34 38 53
89 69 40
16 14 80
49 81 61
39 59 23
81 19 16
56 26 69
76 67 59
3 25 0
61 72 19
15 75 82
35 2 29
39 77 7
3 50 24
31 65 71
71 72 15
47 83 22
59 29 2
19 22 43
13 9 21
4 50 42
76 49 64
32 58 99
62 83 62
91 43 41
26 63 36
55 67 66
70 8 29
82 31 99
2 2 38
46 86 74
98 54 26
62 21 95
34 25 64
70 70 3
98 16 28
41 44 23
90 24 54
3 84 54
37 9 57
68 30 25
7 24 68
47 77 93
41 77 56
53 15 22
28 77 53
82 37 87
14 72 46
81 84 87
46 43 77
15 52 17
23 48 31
9 36 58
28 70 7
71 60 10
24 64 36
62 42 40
85 24 17
7 6 32
25 69 46
81 45 24
35 47 3
99 41 52
73 30 19
4 44 0
66 3 59
86 52 72
31 91 55
2 45 96
85 33 50
20 49 97
41 44 52
70 6 12
33 38 99
21 40 45
2 56 6
36 16 60
57 72 44
94 2 43
50 23 91
23 72 80
10 92 95
58 63 28
13 61 27
68 24 19
23 82 90
49 59 47
12 39 79
46 56 50
27 31 33
13 26 79
33 4 7
37 28 22
60 91 29
97 76 44
89 68 58
21 21 99
34 13 37
58 85 29
50 51 87
72 4 95
69 69 54
81 25 27
37 62 27
2 79 76
37 53 40
7 8 50
98 84 86
4 48 15
32 28 79
92 9 70
26 4 13
20 68 23
2 17 60
66 95 11
61 38 8
84 8 37
99 77 54
95 74 13
90 36 30
63 66 20
77 16 26
25 12 90
28 66 53
31 81 39
13 4 87
87 94 83
6 43 7
96 31 61
52 62 81
96 7 18
22 93 14
21 55 44
50 11 24
92 55 0
51 83 77
33 12 7
18 99 93
63 52 90
70 16 86
59 58 66
29 70 24
99 3 32
0 32 81
97 74 10
36 93 85
97 86 60
34 88 51
94 7 77
29 10 21
35 87 61
26 36 64
99 79 85
62 2 86
7 34 43
61 58 88
74 58 55
4 47 48
98 32 64
27 25 74
8 27 81
19 37 70
6 12 38
81 12 17
66 45 99
47 39 99
93 69 68
33 88 50
69 30 71
21 92 87
5 75 12
99 30 31
64 19 18
21 81 63
45 91 91
81 31 34
98 17 53
98 34 91
36 16 60
12 5 77
44 94 80
85 73 1
28 87 17
23 83 17
39 64 53
8 0 44
49 69 11
71 27 45
48 32 79
92 86 23
99 10 62
76 31 11
94 56 97
33 51 91
59 27 9
77 84 37
95 4 89
4 61 23
90 29 85
61 5 39
14 12 41
54 17 39
97 82 77
41 50 90
14 18 66
63 31 35
22 25 27
42 49 16
72 85 7
60 18 6
25 81 86
67 30 54
32 11 82
76 32 62
69 22 80
34 85 96
42 7 71
60 13 58
77 11 47
8 0 45
87 41 81
72 64 12
53 56 64
47 94 33
4 77 41
38 10 30
27 54 45
16 85 88
87 77 71
5 15 39
43 21 0
77 24 75
91 41 23
87 4 41
73 87 85
91 73 90
89 49 95
76 2 18
31 9 77
11 10 8
85 27 21
47 67 28
5 44 75
13 39 28
29 15 16
65 64 75
92 3 29
40 10 70
90 72 69
93 96 92
91 99 79
7 12 27
56 9 8
91 44 53
64 91 31
7 88 38
17 38 15
8 79 56
89 52 92
91 26 48
64 68 68
54 70 35
30 1 30
76 16 93
90 80 97
37 67 19
65 44 92
3 11 57
25 79 57
30 44 10
74 8 47
48 81 18
45 60 88
76 73 50
40 14 43
81 16 79
99 82 9
54 14 10
11 2 36
67 70 52
42 19 36
13 42 43
94 34 31
22 29 29
74 55 10
17 14 61
17 30 88
49 25 54
76 86 19
14 53 36
44 58 29
26 96 53
25 41 86
48 74 72
38 24 70
78 39 3
75 61 30
25 52 42
60 12 1
19 12 81
8 67 26
25 7 17
16 14 90
30 94 55
32 65 61
81 21 35
8 4 3
37 30 69
82 93 81
51 71 18
10 22 55
37 92 6
87 64 43
30 26 97
79 64 26
93 41 1
91 33 95
15 1 71
27 84 96
29 29 14
0 74 7
64 40 9
86 51 29
56 68 92
76 97 85
86 50 93
84 31 53
29 36 73
72 14 62
52 57 78
93 51 66
45 81 35
63 48 26
67 82 84
40 88 94
75 55 90
71 92 5
10 44 95
95 96 85
2 81 5
86 60 25
90 87 90
87 22 1
75 54 82
72 85 60
52 17 48
43 80 69
78 28 18
47 15 45
48 44 71
67 89 12
92 49 35
65 18 83
14 74 65
64 54 29
49 41 10
49 27 2
31 41 42
59 2 50
51 83 81
26 9 72
19 2 48
41 38 88
12 99 63
17 71 2
79 76 77
98 10 56
93 11 41
87 10 87
59 68 54
38 66 24
55 19 27
96 37 35
35 12 16
46 16 39
53 92 77
40 91 88
16 49 24
24 79 54
81 62 77
7 70 24
35 46 75
8 62 30
82 17 91
79 5 82
22 67 95
98 86 93
86 12 12
79 75 71
85 22 16
1 35 28
87 92 43
59 21 77
91 77 35
79 97 94
34 86 43
72 8 76
21 77 35
28 74 39
42 50 87
11 45 71
92 21 85
87 86 24
80 5 82
88 95 48
58 25 86
32 52 70
39 18 28
77 80 46
7 34 58
49 15 70
92 56 31
97 71 88
30 73 16
19 94 29
65 93 63
76 24 35
9 36 35
15 70 28
71 87 12
65 29 46
23 48 44
66 90 27
32 69 40
6 17 72
13 80 16
48 2 32
76 94 42
41 51 53
62 56 94
83 59 41
46 17 84
26 0 90
73 48 4
70 78 90
6 39 5
21 72 34
17 46 93
12 93 47
20 17 90
1 9 53
5 18 41
86 97 34
27 1 82
36 51 24
46 71 57
39 53 94
15 66 53
20 93 0
11 48 50
12 51 96
51 58 1
33 71 36
20 17 23
58 28 43
42 56 19
21 16 57
87 94 40
8 21 49
31 47 80
57 89 69
94 92 69
81 36 72
43 73 67
56 60 63
97 30 70
31 26 13
80 59 76
80 60 11
32 24 34
85 98 13
62 50 10
88 16 94
4 21 45
95 82 24
58 79 91
49 5 82
56 69 87
84 78 47
53 17 57
38 57 34
78 71 8
98 62 53
85 94 77
11 1 80
96 77 23
88 41 21
13 18 80
93 7 26
87 85 89
77 94 34
54 63 90
73 22 73
70 41 18
12 71 0
25 79 99
35 75 13
79 50 73
4 37 99
91 20 48
91 81 87
87 67 93
50 31 44
29 9 41
34 28 14
15 47 46
74 83 33
19 97 89
8 78 55
52 13 35
70 75 73
2 23 88
62 49 48
30 31 11
17 43 36
59 97 58
48 50 32
84 77 51
69 82 77
17 86 30
59 10 50
12 19 18
8 20 42
86 26 3
55 64 24
42 98 22
95 98 3
1 76 68
91 35 37
90 8 11
29 2 41
45 33 49
87 64 34
62 54 41
46 90 57
84 89 0
76 17 36
92 12 32
15 57 52
50 90 23
66 99 64
3 51 18
63 49 26
63 76 34
56 65 97
66 3 29
97 19 58
80 23 45
13 76 44
74 61 70
51 35 79
44 52 53
82 35 3
26 38 38
23 27 5
96 76 9
94 26 55
79 13 55
6 55 96
88 13 74
74 3 71
48 86 1
45 95 19
44 0 36
92 6 40
37 96 37
14 37 16
99 82 79
88 15 58
8 32 23
94 8 29
15 61 32
3 64 74
46 92 11
9 74 76
54 56 43
39 90 14
13 26 20
73 95 87
99 24 23
74 14 65
93 47 83
19 97 94
4 31 39
84 86 0
28 34 39
17 41 66
45 39 36
23 0 90
33 99 53
16 97 20
66 36 24
49 7 12
41 24 16
88 12 34
81 31 76
3 64 81
59 3 27
31 25 89
70 25 3
76 11 29
79 7 16
48 53 85
30 58 40
1 76 13
54 67 47
95 22 35
32 18 31
97 84 99
16 85 17
96 15 55
66 23 53
63 16 73
67 89 40
61 97 21
99 8 78
87 86 5
31 22 75
19 22 63
63 21 59
87 38 15
49 76 94
29 76 5
87 53 15
32 88 56
4 14 64
54 30 8
21 63 50
88 89 18
54 91 44
42 21 59
81 25 78
50 63 63
43 29 50
5 18 72
49 93 55
80 48 82
86 49 18
93 11 31
65 45 11
65 43 20
3 27 45
12 46 62
87 59 41
23 12 49
56 74 72
37 20 56
6 6 81
22 42 22
8 96 95
43 73 21
57 21 13
61 82 75
52 65 69
49 74 53
56 78 38
30 20 97
43 45 16
39 91 65
99 66 21
80 19 51
13 79 66
62 58 15
18 35 94
63 80 50
27 65 92
34 78 1
0 14 14
65 4 29
39 8 95
75 80 52
27 87 48
82 66 93
81 4 91
87 31 59
58 70 44
29 73 89
82 21 80
5 46 16
41 23 58
7 70 80
63 60 57
79 5 36
97 11 94
83 93 34
90 17 71
64 38 92
14 44 35
0 4 52
28 67 51
43 43 74
55 11 42
3 78 49
61 99 71
87 57 9
35 21 92
40 31 72
89 38 8
59 60 33
43 78 24
83 83 2
76 79 16
78 16 4
59 23 26
91 75 79
52 46 69
89 64 47
11 66 69
0 81 54
85 16 39
48 18 17
75 58 92
42 7 94
43 77 91
98 86 3
25 66 39
83 9 61
31 4 81
42 75 40
78 76 38
16 12 48
18 21 92
29 59 61
7 81 52
68 37 66
88 47 37
77 99 47
34 58 99
98 94 89
8 33 22
40 97 61
27 72 33
12 23 87
4 13 17
84 20 70
3 84 90
60 28 13
70 16 31
85 46 73
34 59 21
67 19 4
27 98 3
54 67 20
5 30 21
61 58 7
66 4 8
31 46 79
65 83 78
35 39 92
12 12 45
64 91 6
2 7 95
8 36 25
97 9 56
71 67 31
54 52 92
0 94 12
8 45 68
15 17 56
44 43 26
97 80 60
25 15 72
83 81 12
29 59 71
62 23 94
39 80 80
70 30 61
94 39 56
44 92 63
50 22 66
44 94 38
16 48 92
75 90 7
1 71 25
18 25 62
50 12 12
79 80 53
94 90 2
23 52 60
3 16 27
9 65 94
76 69 92
20 32 76
64 62 2
3 46 18
13 3 88
77 63 58
32 34 64
98 9 63
83 56 17
83 46 76
63 30 47
81 25 82
16 14 46
92 69 37
26 59 45
13 24 15
68 87 92
25 78 0
4 16 91
78 93 92
16 7 91
63 71 26
88 61 37
22 81 25
12 98 79
89 25 43
84 2 11
92 46 6
22 40 77
34 24 76
6 81 46
60 80 68
24 17 5
52 73 46
16 71 33
8 50 19
19 87 21
95 39 77
30 68 55
57 68 35
3 92 41
98 56 83
79 94 24
89 44 83
10 64 69
52 88 77
28 27 16
29 45 46
28 48 81
27 16 23
0 79 19
52 84 25
20 6 11
71 69 78
41 7 48
22 68 33
82 74 79
39 23 87
67 0 62
85 38 72
80 32 48
48 38 21
26 21 95
67 62 71
94 37 72
41 69 83
75 77 10
22 1 25
59 69 11
6 30 0
52 54 95
36 62 51
13 13 4
39 38 36
64 41 15
94 14 7
14 82 18
7 83 54
16 77 9
52 87 51
15 98 7
8 96 68
64 26 26
47 8 39
39 66 16
96 75 58
94 25 3
22 98 44
78 91 42
4 14 91
9 72 23
87 99 58
22 89 61
22 11 30
93 71 76
44 79 83
77 23 35
94 84 76
20 12 28
55 8 88
17 57 68
0 44 56
44 17 18
54 66 86
67 82 94
39 36 39
21 77 64
65 93 12
95 59 16
5 48 42
3 21 82
0 60 78
53 92 37
50 36 24
76 52 28
16 59 88
61 11 5
54 92 97
34 89 60
48 31 43
62 97 58
59 96 21
52 60 24
52 16 19
44 17 32
15 36 98
33 49 69
37 11 29
44 48 68
42 47 1
67 92 84
6 15 68
12 96 6
75 70 21
70 96 83
14 12 39
48 99 10
20 13 41
67 72 9
5 84 15
92 12 41
98 54 63
65 90 91
44 17 77
92 30 85
71 87 28
57 68 25
15 42 7
88 18 42
21 88 17
73 60 24
5 14 7
64 90 40
55 19 6
84 94 98
39 25 30
19 24 34
97 51 87
94 21 13
89 46 69
58 39 23
78 51 97
67 52 75
85 72 31
4 35 31
72 4 22
62 76 43
73 98 64
75 45 55
3 91 76
78 75 87
77 7 92
60 36 53
31 74 18
60 65 97
22 7 42
89 88 64
34 78 22
66 78 67
68 40 94
56 14 29
73 10 57
67 67 54
8 22 33
15 92 38
79 42 84
49 65 41
84 13 7
90 76 92
93 45 76
2 65 81
47 57 81
19 39 59
44 20 45
32 47 63
46 69 79
35 29 51
41 72 66
44 87 82
4 1 35
1 5 25
4 74 57
99 90 73
14 97 54
80 5 36
10 13 74
89 97 97
90 96 95
39 89 59
73 85 48
74 28 73
5 51 79
39 94 13
1 79 45
28 72 25
72 48 74
30 94 87
71 53 27
26 7 35
44 23 78
78 71 42
47 2 7
74 72 15
34 23 31
68 41 33
38 83 79
47 94 93
28 9 27
76 25 23
53 79 76
42 34 37
50 51 36
6 40 49
79 87 92
65 31 94
16 9 31
67 52 25
27 78 92
61 79 82
52 84 16
50 73 94
7 38 28
45 53 35
13 54 71
90 45 31
94 78 34
62 32 18
58 60 53
80 16 50
87 89 85
88 19 45
44 62 76
59 44 20
72 85 44
19 19 86
10 20 10
23 81 83
90 18 76
97 97 63
37 84 42
13 5 85
77 47 38
3 34 29
29 16 21
49 88 34
75 96 14
80 11 89
21 43 55
83 96 29
94 56 89
67 54 18
45 55 8
55 14 14
54 36 78
78 18 86
55 0 85
53 76 54
63 85 31
41 67 50
90 63 15
32 43 17
44 61 0
73 78 49
13 73 39
13 55 72
63 6 65
94 93 95
85 74 40
1 86 87
29 47 89
47 98 96
62 78 33
61 21 42
53 7 51
53 92 80
42 91 21
69 30 77
59 32 69
5 32 17
29 88 30
40 31 74
23 65 40
1 97 86
70 8 47
6 80 38
49 51 87
33 78 91
32 99 64
74 86 2
97 36 27
4 51 39
72 83 52
28 61 80
97 14 84
85 66 25
76 95 1
9 54 42
19 93 91
55 32 7
16 33 87
3 38 59
75 99 79
62 3 98
64 21 49
52 92 91
62 66 36
53 97 91
61 99 83
58 36 98
56 32 63
44 80 12
30 72 49
43 80 23
59 24 82
72 82 87
58 39 71
89 85 31
55 87 40
37 65 47
77 82 86
74 17 11
7 10 91
74 31 92
48 7 32
57 95 46
56 10 81
4 20 59
14 88 53
14 74 56
18 10 23
89 49 86
43 2 69
77 34 47
71 56 6
60 75 1
27 42 40
88 21 76
19 76 81
99 49 17
36 62 37
79 59 59
32 25 31
5 87 86
67 49 38
36 22 6
69 98 53
67 70 2
51 97 91
59 85 35
46 91 58
53 82 40
47 18 20
79 59 18
24 82 72
42 70 79
43 54 46
51 66 86
41 24 10
12 9 86
67 98 96
65 13 17
57 12 70
99 80 89
29 96 99
84 46 61
99 18 0
94 12 9
85 60 58
84 85 43
29 60 97
9 58 97
9 88 32
36 44 62
84 20 98
80 90 78
98 91 98
76 41 5
65 38 63
23 69 80
36 84 28
94 24 72
57 71 1
39 11 12
9 54 81
48 4 52
15 24 42
26 99 62
85 15 99
78 85 95
78 16 93
68 70 45
67 86 17
19 84 19
36 27 63
26 41 70
52 40 95
51 21 72
88 83 39
89 11 42
54 51 96
66 67 30
12 53 68
35 38 60
5 20 70
84 58 5
36 78 44
19 37 12
9 13 25
70 57 11
10 20 90
9 40 17
83 88 86
65 37 1
70 16 50
54 30 92
24 11 79
67 36 65
91 32 1
75 93 48
73 90 64
42 5 63
46 70 62
44 30 9
7 4 41
76 40 36
1 48 64
17 15 32
96 3 32
17 51 6
47 66 86
84 78 56
47 94 48
18 81 68
38 61 36
51 37 84
89 59 19
54 84 47
40 18 81
72 25 71
78 9 37
42 45 82
60 49 36
47 52 83
67 88 47
57 3 92
78 19 30
83 86 47
54 38 78
4 59 91
27 83 59
13 96 54
91 83 29
71 28 96
8 17 40
87 35 41
84 21 4
43 85 84
73 58 78
25 20 89
28 80 93
1 16 14
23 28 87
95 97 38
61 90 22
88 3 71
72 38 54
32 61 43
8 35 3
31 81 17
85 90 58
51 21 82
52 34 89
65 51 41
14 10 84
73 61 63
67 43 49
53 4 73
7 30 34
72 62 72
70 22 70
45 84 72
78 83 82
57 91 83
35 5 75
68 31 79
68 83 29
80 71 23
33 35 27
41 72 93
49 19 16
97 18 74
51 46 7
72 9 31
29 2 9
33 24 11
67 60 34
41 84 54
49 55 95
24 6 70
7 7 88
34 27 49
70 31 75
89 51 36
7 63 79
25 37 2
78 24 85
38 93 45
38 87 68
47 72 75
26 69 89
0 34 22
83 70 59
84 9 15
33 74 58
69 71 59
90 9 65
77 40 8
60 17 67
58 63 76
60 1 78
34 56 92
26 59 74
93 37 11
6 52 15
71 76 84
50 30 0
82 79 94
53 94 39
62 12 2
34 63 31
11 65 66
6 60 22
57 51 39
29 82 66
40 45 4
47 69 79
19 27 63
11 4 5
51 81 11
73 22 63
3 96 62
84 38 45
71 3 35
66 92 57
6 21 49
38 90 93
46 29 63
49 71 8
43 90 99
21 20 4
91 38 43
1 82 83
78 51 81
21 53 87
60 51 10
87 36 77
75 48 36
66 71 49
86 50 10
13 48 2
82 80 43
33 47 51
0 71 12
20 24 4
37 51 82
77 59 73
79 34 88
28 47 4
68 80 32
28 99 80
2 87 45
74 43 73
24 76 51
69 37 70
0 3 72
73 40 32
34 75 34
1 86 47
87 7 86
95 51 1
58 4 30
0 51 33
49 39 40
61 66 35
21 90 64
2 98 92
9 89 18
22 42 10
62 11 36
57 39 4
33 88 61
85 76 85
75 0 44
83 15 72
85 69 69
98 30 94
99 26 98
46 58 73
33 16 65
30 44 30
34 78 92
49 49 22
11 45 98
13 88 85
31 33 63
29 31 26
53 97 67
6 1 86
98 81 68
34 25 48
3 5 72
82 22 13
5 84 92
20 0 74
16 83 18
98 5 21
13 17 14
17 82 35
8 51 70
63 81 17
41 11 1
73 67 91
49 65 27
39 65 3
35 8 56
68 35 83
53 21 28
73 17 74
11 12 50
87 91 60
36 4 16
81 0 15
87 77 83
90 32 95
47 4 95
17 94 13
78 10 99
36 90 75
30 20 69
13 80 32
38 96 56
56 19 97
21 94 62
23 83 2
45 5 26
97 44 88
23 94 4
33 85 40
15 75 73
31 98 41
22 29 61
66 86 16
94 61 2
61 57 65
58 98 14
91 42 41
3 2 20
30 83 90
67 3 8
92 90 25
50 16 51
28 31 97
79 44 57
28 4 14
72 27 28
24 79 31
93 98 15
51 25 0
72 55 13
44 60 5
82 73 48
45 61 10
92 38 65
37 46 23
10 19 31
15 77 68
22 31 98
20 41 95
44 76 51
68 37 83
23 71 70
27 79 97
23 19 42
7 59 92
50 1 83
20 19 6
99 46 86
10 32 31
66 19 81
83 7 38
45 7 45
91 31 95
71 39 55
13 44 34
41 19 39
43 49 15
83 15 69
27 59 86
79 63 94
26 79 24
55 40 40
76 65 12
44 43 29
94 88 28
79 45 20
72 35 63
18 44 8
36 85 59
70 21 7
58 57 42
16 36 83
53 90 78
22 55 89
13 39 33
85 8 11
43 60 17
44 2 45
95 17 35
82 44 28
55 54 59
57 45 98
63 78 85
4 11 84
7 9 23
91 10 35
92 53 69
14 23 36
47 49 42
18 2 69
93 21 67
47 55 73
81 75 11
64 41 31
10 82 95
88 91 96
90 58 58
93 24 80
64 29 48
5 98 63
13 91 39
60 77 92
17 38 39
84 15 20
41 7 73
14 27 32
68 61 51
41 43 27
63 49 92
31 14 6
51 12 43
76 44 48
0 47 56
51 66 3
61 62 26
28 72 46
66 28 52
47 92 82
25 55 53
56 83 91
35 69 38
60 88 43
41 19 33
32 60 38
90 2 94
39 38 69
95 87 35
80 37 72
87 78 35
54 77 27
32 4 6
20 81 74
50 78 20
91 39 80
38 44 96
83 71 95
84 52 63
64 24 39
74 19 32
17 28 10
55 92 52
77 74 71
50 52 9
58 31 88
93 12 37
36 96 67
71 40 51
83 56 11
40 35 90
61 79 77
92 85 95
40 30 8
63 5 20
44 75 39
7 8 67
34 3 80
90 37 72
92 84 93
95 37 63
98 2 89
31 9 33
65 97 52
35 22 17
98 15 52
9 60 41
19 51 53
75 34 88
65 69 83
16 55 98
15 0 95
95 90 43
28 43 1
95 70 70
26 58 18
83 88 61
23 28 75
60 34 69
22 83 89
79 63 6
10 8 88
98 91 76
38 48 88
52 57 41
16 68 50
61 68 97
10 69 56
9 30 31
40 80 62
51 75 52
93 29 49
5 83 63
11 13 57
50 62 38
24 34 38
86 11 29
82 93 39
78 3 74
74 72 93
32 25 96
43 88 59
50 66 63
2 33 38
83 30 98
71 15 68
31 5 13
30 47 50
25 96 53
11 41 43
51 25 38
83 4 19
52 38 55
91 79 11
88 49 70
35 26 58
61 20 55
86 54 99
27 73 4
6 37 40
46 14 86
31 35 91
0 96 48
31 77 8
89 42 36
25 61 26
19 57 93
57 43 74
84 34 99
92 91 38
37 16 26
26 4 21
10 48 6
3 46 43
12 35 53
9 70 96
33 80 70
30 59 56
91 76 75
63 69 83
40 13 16
48 63 91
59 18 69
67 97 58
73 21 40
66 84 0
33 41 53
38 84 62
41 56 42
32 87 82
97 69 28
42 64 38
8 53 51
3 76 42
22 83 98
30 55 78
4 32 89
78 3 99
97 56 34
17 96 46
60 9 14
51 32 3
62 88 32
73 49 77
40 66 33
77 21 36
96 43 11
60 91 29
7 14 86
44 29 56
49 91 28
97 56 57
12 62 96
77 51 45
96 50 74
57 17 54
16 18 52
53 94 65
45 62 36
78 55 69
97 84 48
99 19 97
62 68 45
81 75 11
37 38 24
74 10 44
94 91 21
48 60 85
97 5 21
74 8 73
88 89 67
35 7 87
90 22 82
7 44 26
50 7 91
65 87 85
6 48 63
69 83 2
10 45 2
15 3 67
6 10 63
46 44 33
87 96 99
57 39 29
63 75 57
9 99 99
39 42 34
63 78 1
23 28 34
18 31 56
80 95 75
48 95 74
59 13 4
35 10 15
31 4 3
6 70 5
75 95 76
25 79 64
80 98 18
83 28 92
44 51 60
32 32 68
18 46 53
84 10 86
81 31 59
27 36 73
33 71 29
99 88 40
0 95 68
63 97 66
30 83 73
98 21 77
74 48 61
28 39 40
73 58 48
18 89 32
77 18 44
5 6 0
85 37 57
43 79 63
40 77 85
27 79 85
16 19 87
93 23 24
2 12 49
0 33 88
69 65 9
73 22 19
64 92 51
62 47 70
68 99 50
78 10 18
92 34 17
93 65 80
61 85 91
9 96 39
96 94 32
29 33 59
64 10 63
25 7 44
62 79 71
32 92 92
12 25 29
84 83 51
23 33 22
44 6 62
82 61 65
57 33 16
46 69 96
0 47 85
99 25 32
74 33 61
59 54 77
43 97 88
25 91 50
9 7 63
3 96 89
42 90 83
72 41 65
14 66 32
55 55 13
89 60 10
63 23 68
52 23 25
51 91 12
14 36 23
10 5 60
0 23 22
84 97 84
11 30 26
64 15 12
75 42 55
17 41 54
47 50 79
16 50 43
21 64 61
84 81 51
7 7 98
77 52 1
86 66 28
14 18 72
3 38 53
60 77 85
63 3 83
70 46 32
64 21 62
92 40 76
66 9 0
17 13 57
2 39 69
34 22 95
78 30 84
73 79 31
18 83 93
35 28 43
44 53 68
37 48 45
24 64 75
13 64 89
11 64 46
99 11 12
93 39 18
77 70 59
21 50 87
0 77 51
17 38 31
78 39 87
91 96 66
6 9 59
72 99 88
73 19 32
10 3 39
25 8 41
36 50 17
53 27 3
28 6 83
76 69 23
6 17 5
38 50 38
71 67 93
45 34 31
32 0 81
51 3 43
90 58 37
62 72 64
92 1 76
49 83 89
50 52 98
1 63 16
24 59 12
82 48 49
26 80 26
15 42 35
28 26 68
0 79 94
65 23 49
48 50 50
53 51 22
20 17 31
25 83 30
39 8 34
64 40 93
4 48 46
46 45 41
27 70 47
12 97 90
1 9 11
38 13 7
99 32 7
70 16 73
71 90 84
72 21 72
90 49 51
37 1 13
73 39 8
42 35 6
57 92 79
84 52 73
89 77 84
75 4 50
38 54 24
10 99 73
75 97 70
8 32 59
73 74 95
51 29 35
85 47 37
40 14 73
31 22 98
61 76 62
73 9 69
14 67 53
51 87 89
50 14 11
0 82 94
13 37 24
30 36 23
25 82 2
8 44 53
11 20 65
62 26 69
89 38 71
73 44 69
71 15 27
94 61 96
58 57 53
71 78 60
96 13 99
38 46 89
56 58 83
31 94 47
37 34 98
29 72 1
64 34 25
48 53 63
17 68 44
77 97 42
42 42 19
55 86 10
12 44 18
49 87 8
74 83 38
81 99 83
75 3 37
44 42 10
29 69 60
98 69 36
3 48 33
47 90 13
0 54 76
33 39 1
38 95 62
16 15 64
9 40 97
11 5 11
77 6 48
39 7 97
28 71 35
61 51 82
39 71 52
71 38 23
10 78 7
20 31 56
94 68 4
41 89 90
10 12 75
26 80 41
69 21 8
69 39 62
49 0 47
19 53 32
78 70 74
50 11 18
48 76 83
16 18 87
68 35 27
42 10 36
94 87 77
61 83 55
56 80 53
72 6 27
74 45 88
67 75 1
78 73 78
2 0 46
77 89 56
6 45 54
59 68 83
81 88 76
81 94 68
7 43 98
83 80 3
45 83 82
85 90 99
2 40 56
2 46 15
57 11 46
22 8 11
71 52 41
84 81 94
54 10 49
17 42 20
8 97 10
98 84 57
81 55 93
83 96 75
21 78 27
62 46 67
53 40 55
2 58 21
91 45 11
14 41 74
26 88 17
92 24 97
73 33 16
12 19 39
20 66 81
37 96 53
19 2 38
55 26 56
89 79 69
13 39 9
61 71 97
90 42 16
17 94 87
42 76 41
12 68 36
11 53 61
1 7 55
56 63 32
90 23 48
10 68 3
72 11 79
8 86 41
63 59 47
91 76 7
50 28 75
9 59 15
85 63 70
91 89 64
75 41 60
78 34 99
66 15 6
96 81 5
69 26 25
37 78 60
21 93 23
34 8 62
32 78 4
78 49 82
62 62 0
13 97 12
66 91 83
44 13 84
29 4 64
43 73 53
18 43 30
60 74 4
16 39 14
91 34 1
38 48 67
99 72 20
42 83 65
56 10 62
36 12 28
22 96 26
24 58 86
19 63 1
93 1 88
74 79 61
72 74 35
61 5 40
80 65 0
47 55 21
76 14 13
64 93 38
62 3 1
86 40 72
50 65 84
50 8 70
54 22 72
23 23 91
94 81 63
82 76 69
35 90 56
79 39 51
16 31 76
2 6 66
95 34 87
71 90 27
37 81 85
66 11 78
73 35 86
62 14 88
51 69 50
8 48 72
99 33 95
58 22 68
40 89 90
11 71 30
98 64 51
79 12 95
42 31 68
17 85 62
50 86 11
83 1 47
76 33 89
38 81 24
80 36 27
54 39 59
56 1 45
99 16 14
60 96 87
73 29 71
81 73 70
48 51 61
38 77 21
35 44 89
42 21 73
32 64 90
55 27 68
91 73 82
31 99 3
69 8 29
27 16 60
58 42 19
95 59 95
83 83 31
78 50 46
28 33 50
27 53 36
78 31 87
80 67 4
5 60 71
42 10 82
81 24 63
54 17 75
7 89 67
4 77 61
67 98 8
45 70 35
30 61 33
55 82 93
9 57 19
40 53 53
61 81 69
79 85 64
8 61 87
25 62 34
80 40 6
19 65 93
51 21 33
24 27 37
15 57 61
0 54 65
22 66 29
28 14 39
79 4 12
52 26 69
50 55 6
61 13 77
78 42 46
0 11 9
19 79 40
50 68 97
63 89 35
1 50 47
38 9 86
8 19 86
54 34 45
19 76 47
85 41 92
48 60 86
65 90 69
12 80 86
61 80 35
84 86 75
46 76 92
91 24 87
22 68 11
96 65 79
68 7 95
23 18 0
15 75 12
74 49 84
84 3 45
68 70 35
21 90 23
58 77 65
75 1 82
25 34 47
83 1 75
44 75 63
44 55 14
93 68 53
98 2 93
8 89 44
85 79 56
68 49 16
32 43 98
78 4 91
17 18 79
44 86 84
64 85 42
43 6 87
24 92 54
4 75 91
42 50 93
93 4 68
58 19 22
59 33 12
18 80 22
47 7 26
67 40 4
7 66 47
78 74 65
2 35 97
57 34 0
93 84 79
2 73 41
85 59 22
47 74 71
85 57 4
63 54 12
23 97 55
16 45 12
12 14 20
32 79 99
17 7 26
59 23 48
99 13 86
11 69 84
87 68 66
40 24 37
1 83 6
51 8 18
23 43 29
61 26 38
93 78 98
46 67 31
92 50 14
67 57 90
84 0 68
4 33 97
83 77 96
73 0 91
77 41 46
62 17 10
86 39 76
10 64 94
93 41 96
28 65 73
26 71 62
33 22 47
84 61 26
86 47 17
77 64 96
86 24 28
3 92 93
12 82 36
39 35 68
68 75 82
30 15 72
43 12 35
94 9 94
49 17 84
56 88 82
44 77 62
39 11 70
8 76 46
13 82 17
66 99 86
39 89 76
89 93 17
71 99 98
21 96 61
91 87 56
92 40 76
79 52 67
89 86 44
46 87 28
52 18 58
84 0 92
73 15 72
18 68 41
77 57 3
40 63 5
85 9 60
97 44 20
17 52 0
24 62 6
42 19 4
69 34 32
95 32 80
57 15 34
25 92 72
56 4 28
49 32 78
53 33 74
89 37 42
28 5 4
49 27 87
56 61 54
22 28 85
41 60 20
36 35 22
87 51 16
58 85 17
87 78 4
8 20 44
99 78 58
77 98 13
52 50 23
52 15 5
28 79 71
90 24 2
42 86 64
80 39 26
93 44 91
17 75 80
62 66 39
6 40 52
52 2 77
19 34 37
32 91 18
93 57 53
27 98 84
94 20 0
17 25 12
98 5 80
61 16 52
50 51 4
57 92 23
95 82 51
68 78 8
42 96 50
44 28 42
33 43 64
15 37 37
83 74 84
65 59 76
87 96 68
66 72 29
23 30 84
36 72 40
77 38 27
21 22 43
69 69 66
40 95 91
65 92 39
11 90 62
83 89 84
28 3 63
77 80 10
7 38 98
30 14 75
55 80 1
48 39 10
23 13 19
16 6 37
34 20 51
40 10 41
84 55 17
50 61 92
91 48 57
99 74 2
48 7 77
73 79 61
47 88 43
0 65 7
95 45 87
6 18 9
84 93 18
44 38 76
83 11 24
53 78 27
13 15 30
55 48 76
20 89 65
60 17 30
6 69 82
82 37 20
9 77 70
30 26 96
66 7 63
30 35 22
61 30 76
66 79 30
19 1 60
15 7 12
85 63 2
79 67 41
10 5 40
36 8 66
3 20 74
21 70 93
28 46 76
53 78 5
16 96 72
88 9 79
84 2 92
23 89 84
95 87 27
2 89 28
29 15 43
67 20 5
4 77 28
95 75 35
5 62 32
33 75 71
48 7 27
67 88 0
94 38 26
10 10 25
61 10 74
29 26 38
37 86 80
10 97 72
35 62 56
14 5 91
24 26 30
81 6 68
79 7 54
23 71 73
85 17 64
41 58 42
29 90 42
33 63 9
24 32 22
11 30 45
34 85 63
4 38 44
20 21 14
52 13 76
50 59 54
9 95 52
85 46 98
19 77 1
84 27 33
12 87 63
17 65 1
9 17 40
72 69 10
46 2 49
2 33 17
64 41 18
5 77 97
31 27 82
84 87 75
31 43 67
57 51 30
69 0 2
98 23 25
43 94 48
46 24 8
75 38 33
38 93 25
13 99 61
56 65 93
60 37 28
17 23 82
68 60 23
10 89 17
93 42 29
66 40 0
13 47 90
73 53 64
0 81 90
8 94 7
38 86 21
47 41 47
62 81 28
89 75 47
32 57 83
17 25 94
40 8 14
76 65 1
7 91 37
43 81 56
68 71 74
28 72 64
71 97 11
33 8 37
5 36 67
13 89 51
26 13 53
99 47 62
78 95 58
50 58 50
90 21 29
60 91 97
66 48 25
88 13 28
4 66 78
12 97 67
6 93 13
86 96 57
32 20 57
58 71 56
52 31 89
27 51 28
58 87 6
84 34 72
23 47 47
81 27 43
29 42 70
27 24 53
45 73 6
51 59 47
19 11 58
41 58 53
30 20 15
76 98 55
62 9 31
65 18 62
54 56 90
30 70 9
36 30 82
15 39 10
14 93 20
54 63 33
83 15 71
42 38 19
99 51 31
27 91 27
56 95 30
91 17 83
0 14 90
47 41 14
29 11 12
97 65 70
29 67 0
16 14 92
72 62 87
16 72 70
77 80 29
46 57 29
82 93 96
56 92 7
2 69 36
35 94 50
23 26 79
62 1 84
50 12 92
62 5 97
38 27 91
95 25 67
58 37 62
53 36 59
69 25 25
44 24 19
96 33 10
40 89 36
62 5 16
94 43 15
49 6 14
71 80 41
59 93 91
8 51 32
93 39 88
64 74 63
91 30 90
77 76 90
15 34 56
18 49 55
27 1 46
90 2 52
48 63 38
14 89 38
56 19 77
67 81 7
55 84 58
98 69 97
72 31 12
20 4 86
46 20 40
95 1 87
93 0 14
20 71 50
39 82 46
52 53 3
4 3 82
65 48 37
15 2 24
43 23 90
24 12 3
48 64 13
46 55 33
14 87 13
65 12 62
15 70 47
63 43 22
97 31 19
88 25 44
27 75 97
16 8 66
55 72 25
9 68 9
86 46 73
46 1 35
96 83 2
60 18 21
2 27 53
83 92 95
85 85 48
64 25 98
23 60 11
17 27 95
14 34 2
41 4 83
80 16 86
59 6 25
61 14 56
79 39 92
81 28 52
41 10 37
90 41 93
57 32 56
16 31 86
97 18 7
78 57 72
10 65 40
67 50 6
94 17 86
60 75 92
1 31 85
92 74 71
18 40 98
74 44 41
1 36 51
44 51 55
63 63 12
96 61 12
59 96 12
5 90 34
21 10 98
91 6 49
66 47 89
86 70 18
69 88 80
31 73 51
31 34 82
62 57 10
11 5 6
8 65 26
98 42 94
48 5 47
98 65 68
53 11 14
6 97 5
15 27 15
85 38 18
41 11 72
33 28 90
46 8 15
70 13 23
46 67 10
0 30 2
67 80 14
57 29 6
97 61 81
71 94 15
9 23 80
44 56 14
58 20 45
7 12 49
50 88 26
92 22 34
7 35 97
89 74 26
8 70 96
95 50 15
63 2 29
93 85 78
93 77 43
33 24 18
54 76 1
75 75 7
86 67 93
43 11 23
18 71 83
20 37 20
13 46 13
13 53 43
46 54 51
42 15 67
12 97 88
76 55 76
95 9 69
51 36 76
13 26 75
47 88 19
37 76 70
83 55 5
19 10 82
30 64 11
66 35 43
84 51 69
83 94 24
84 54 22
49 51 81
48 20 80
38 80 3
9 6 45
0 63 41
40 23 37
13 63 9
54 93 20
22 92 45
98 33 38
28 32 97
7 68 67
37 83 50
53 3 86
49 10 30
34 93 55
70 11 78
29 85 91
4 63 16
91 38 3
12 13 40
14 69 95
97 13 87
67 97 34
82 53 20
83 32 60
34 95 59
62 95 49
12 1 96
89 14 55
25 20 8
20 15 38
46 40 71
91 63 61
0 49 80
78 45 52
84 80 22
12 13 43
30 25 8
93 54 92
13 57 67
51 10 10
92 46 66
42 66 26
3 46 92
77 47 58
70 92 96
9 93 32
26 70 89
24 53 59
36 12 66
65 72 43
70 49 52
28 4 27
31 6 3
40 19 6
6 94 53
24 41 39
90 66 15
38 40 58
80 51 84
1 75 96
58 95 34
22 77 46
5 53 35
74 54 99
39 5 98
52 67 34
45 18 63
23 60 79
48 31 62
71 77 94
77 94 83
27 10 25
6 33 38
48 87 4
51 78 91
63 64 57
94 7 7
73 43 36
15 49 11
56 62 42
65 17 19
79 72 15
95 48 43
28 16 91
6 54 81
43 10 90
79 72 85
90 35 23
48 6 9
46 77 83
79 97 30
12 17 32
1 33 95
16 44 83
23 80 65
54 38 60
9 62 50
14 72 72
81 50 75
49 37 97
83 98 66
62 52 38
26 38 60
91 17 86
44 29 81
5 27 62
23 22 87
62 26 37
46 71 52
79 56 17
81 44 9
50 3 61
97 56 19
2 16 85
16 47 48
77 2 99
22 78 58
50 21 57
44 1 16
84 61 87
19 63 38
7 73 97
2 89 75
82 39 10
53 16 25
88 68 78
87 39 46
99 13 59
1 86 87
87 69 87
19 35 50
3 40 5
41 62 84
14 30 88
39 79 73
92 59 97
72 58 88
21 78 61
89 52 9
24 65 33
34 79 89
49 11 43
33 38 87
43 59 65
49 49 72
46 98 74
12 75 77
87 67 95
6 34 83
3 35 16
12 30 62
76 83 76
15 77 79
6 42 7
77 75 25
37 11 52
53 22 6
65 59 31
20 35 15
1 73 47
32 27 77
25 12 45
45 14 19
92 2 36
23 3 21
53 65 0
65 20 77
0 0 95
61 74 13
52 98 94
19 15 8
69 11 60
23 13 67
53 27 9
55 84 33
22 83 11
47 49 82
17 79 64
39 6 47
88 58 42
99 6 82
84 73 49
86 98 25
14 73 5
49 56 40
86 83 99
13 82 86
18 89 89
68 55 84
36 33 89
43 43 48
38 86 55
8 4 45
87 85 11
94 41 41
18 43 92
65 79 88
60 65 21
63 40 45
29 77 7
69 22 58
20 7 23
11 85 16
8 72 15
85 59 33
78 19 30
83 41 50
65 41 18
25 16 10
47 61 30
29 69 55
72 49 26
85 22 9
14 32 19
93 79 51
95 29 91
95 12 29
77 83 34
31 72 54
46 54 19
79 50 44
41 25 92
25 32 91
71 68 38
84 65 88
38 46 95
50 98 78
8 97 85
30 34 90
33 80 83
39 31 87
54 98 94
29 91 66
90 39 81
79 91 42
81 96 8
10 44 61
19 68 92
27 98 49
13 46 43
58 55 96
84 38 69
40 86 92
8 23 93
57 95 77
27 2 82
37 88 10
37 26 52
97 38 98
97 33 55
83 60 89
41 17 43
35 17 32
71 63 22
17 85 88
74 80 66
54 27 73
98 49 32
88 72 9
99 60 44
47 21 37
0 86 73
58 87 30
39 35 71
91 38 41
40 80 14
74 4 54
23 38 80
68 29 76
94 26 31
19 86 52
96 66 53
53 10 80
88 80 63
83 62 6
17 7 37
10 20 7
55 78 83
96 78 82
33 82 29
86 8 57
98 52 39
66 21 19
71 26 67
79 26 72
50 46 80
81 18 61
25 64 30
35 98 67
9 97 77
95 62 23
28 26 26
95 5 85
19 64 32
42 45 8
56 22 14
73 4 26
48 23 83
7 97 25
85 32 12
89 9 2
32 26 44
14 53 43
88 37 74
79 45 85
17 19 10
5 44 37
68 84 22
38 90 72
9 17 70
81 9 74
72 1 50
95 81 80
39 39 77
58 26 71
89 52 70
61 42 24
71 79 62
24 99 96
96 90 3
43 31 4
50 48 99
24 52 0
3 36 90
8 73 89
29 44 22
41 74 95
49 45 28
97 83 69
98 22 81
55 52 57
89 51 82
51 55 82
92 87 81
23 35 35
6 63 0
36 70 63
43 82 24
54 66 58
39 70 26
68 77 39
63 58 13
41 26 5
17 18 26
51 24 21
33 75 4
36 1 6
67 77 76
53 37 84
71 69 3
27 78 33
66 96 96
14 89 21
80 28 94
20 23 43
80 58 77
90 96 20
9 65 5
75 34 35
99 17 26
26 60 74
81 54 98
23 21 79
62 59 27
90 65 38
75 33 25
70 18 90
2 0 60
11 87 94
43 48 89
96 73 83
11 92 44
63 55 99
53 51 35
2 44 30
41 59 40
83 76 23
15 40 85
70 24 12
77 29 16
80 33 40
89 86 62
91 27 89
63 24 75
98 55 63
83 96 71
87 84 83
25 35 24
54 1 29
10 16 24
18 84 68
69 29 16
1 42 28
6 30 62
69 16 62
59 61 47
97 67 97
97 65 96
0 10 69
89 60 52
38 20 31
52 12 13
33 48 81
63 45 99
4 32 66
78 69 55
11 19 72
23 11 28
41 66 72
0 75 58
51 10 55
50 95 1
22 69 36
6 58 41
69 42 14
85 15 64
97 53 90
44 67 74
62 94 73
41 98 67
59 36 13
25 81 51
73 25 46
80 63 78
84 19 62
82 95 88
5 60 88
63 39 0
44 18 16
47 49 87
44 34 11
18 71 26
21 39 30
50 95 82
54 0 94
76 59 11
36 63 16
81 74 89
44 7 34
97 32 35
85 34 51
64 91 56
54 47 38
26 66 27
4 56 22
93 67 82
38 11 93
32 17 11
8 10 56
29 70 56
1 23 27
85 65 22
45 90 73
18 62 26
20 48 80
2 40 74
9 86 54
77 5 92
28 44 38
34 63 23
61 27 83
73 21 95
84 45 95
43 52 36
72 81 55
82 30 47
38 60 0
69 29 76
1 43 53
65 52 29
32 98 73
72 80 8
25 0 73
88 0 56
94 91 23
27 91 37
56 50 69
25 48 53
1 59 74
81 4 30
25 76 14
50 39 62
38 24 37
8 24 50
94 53 81
53 13 78
76 93 26
13 42 83
52 34 78
85 21 84
26 21 92
36 41 10
86 99 87
24 64 77
86 24 74
84 13 21
66 60 89
67 45 14
29 16 28
35 93 3
51 10 27
53 61 80
12 21 20
48 49 78
37 19 74
75 41 24
16 38 84
41 13 38
31 16 87
53 28 39
32 90 28
98 10 92
27 30 65
43 32 84
54 96 57
59 8 71
77 87 57
55 56 66
28 66 5
87 51 22
64 73 76
65 73 75
35 0 0
96 12 93
48 95 76
45 19 5
35 68 94
79 47 48
55 6 61
87 22 91
30 71 54
35 12 71
58 50 73
22 64 80
37 68 90
96 13 69
83 79 84
75 83 30
77 65 71
53 39 16
69 10 18
24 77 83
55 44 90
76 71 20
85 89 11
40 1 10
23 68 36
0 53 80
89 78 33
25 84 14
44 93 42
20 80 24
5 39 86
59 99 5
64 35 76
58 29 80
38 60 2
53 64 98
93 31 86
2 92 44
68 94 9
64 79 67
56 58 10
6 9 43
72 77 79
66 1 55
59 30 61
83 78 64
27 48 46
87 13 6
35 27 24
97 18 88
58 77 80
54 54 64
67 57 6
44 65 91
36 71 14
78 45 33
33 20 31
45 13 25
81 20 95
26 56 83
31 44 42
37 38 58
60 22 62
3 61 41
38 26 98
93 35 6
55 13 72
57 97 16
74 45 88
3 91 21
60 24 63
97 9 21
56 40 31
56 42 30
5 27 73
91 63 38
47 32 15
28 59 40
84 79 84
82 99 87
36 43 94
12 7 9
71 23 37
36 93 74
89 82 27
58 76 36
19 45 51
10 50 71
39 63 39
45 44 54
30 95 59
51 89 29
70 99 93
26 85 21
71 77 46
86 14 60
33 22 74
37 41 71
5 90 99
57 34 37
22 78 31
40 41 55
26 77 56
85 13 26
38 89 32
79 70 36
25 18 46
24 66 90
29 99 60
74 58 77
85 23 45
31 72 51
72 42 36
21 84 37
94 66 52
18 81 91
71 11 12
6 51 85
20 35 54
70 87 95
15 50 9
65 24 52
66 0 55
47 24 70
16 72 45
59 37 2
90 69 40
60 47 22
70 32 77
30 19 29
75 6 25
94 80 95
89 7 15
72 59 4
88 88 0
73 97 60
77 93 77
71 98 33
81 0 97
58 42 72
97 22 48
10 69 99
1 0 4
2 88 14
11 78 9
38 98 68
94 90 13
90 93 49
24 81 48
28 49 97
82 18 79
79 43 38
8 87 51
89 49 14
76 5 59
13 53 45
6 51 96
8 68 52
91 88 23
95 93 29
58 79 98
1 58 50
7 79 16
36 46 5
19 37 68
14 77 77
20 72 19
79 72 58
36 69 84
17 60 8
77 68 32
44 39 24
16 0 69
92 24 34
21 87 85
87 29 26
25 5 26
33 50 53
96 52 1
99 29 32
81 77 76
39 35 65
32 30 78
54 64 99
96 44 58
45 5 55
29 74 32
3 43 1
67 83 91
68 68 90
55 17 47
11 87 94
55 7 15
77 82 8
28 71 77
22 69 44
45 66 85
71 36 29
91 89 40
91 5 65
29 90 23
66 56 28
30 85 8
69 24 64
63 36 44
17 96 80
86 30 23
27 93 74
1 35 91
80 42 83
25 24 94
78 62 78
70 52 58
92 66 37
2 9 62
63 97 6
78 86 31
52 13 56
42 34 97
33 36 98
35 0 84
63 57 68
29 91 96
41 91 35
20 14 36
98 57 57
89 90 82
30 76 70
10 75 94
83 44 51
34 20 69
55 76 57
5 30 89
0 98 16
26 53 12
90 36 45
45 27 23
44 81 91
86 0 45
79 49 91
18 28 90
17 58 34
14 87 13
77 78 96
93 93 50
47 8 32
5 82 19
12 83 18
15 55 74
15 88 73
77 98 75
67 34 33
19 60 58
15 6 74
98 97 78
47 93 58
17 98 32
20 48 49
34 26 16
70 8 64
97 5 30
48 45 14
93 72 66
11 96 3
71 47 53
69 48 36
14 35 52
34 31 84
14 14 65
13 4 12
51 1 38
41 52 50
24 90 78
68 12 6
21 73 46
58 53 33
73 89 7
71 63 93
99 67 83
95 87 86
34 23 63
66 31 81
51 24 85
59 78 29
74 39 40
69 52 91
68 8 39
15 31 98
91 97 66
85 8 24
60 59 79
4 76 50
12 72 60
2 44 88
4 84 55
85 45 8
41 90 84
27 86 43
33 72 94
0 45 62
37 27 17
85 31 84
40 25 7
48 60 40
79 79 22
81 82 7
85 77 54
55 82 36
80 1 49
42 49 10
17 9 36
95 23 60
72 54 16
52 40 65
91 76 54
65 68 11
94 1 44
58 13 29
48 41 99
19 47 15
55 97 57
99 23 1
36 22 95
84 22 73
47 85 69
98 21 79
18 3 41
66 54 35
78 7 8
55 45 36
89 72 50
17 28 95
45 2 65
57 19 82
55 85 8
68 72 49
26 70 53
56 87 89
31 61 6
95 78 0
27 58 27
57 80 78
73 2 30
17 55 84
74 11 91
26 18 12
64 47 10
89 93 10
7 91 16
37 8 74
52 33 33
53 56 31
42 96 7
6 21 79
13 54 54
63 35 45
66 86 15
33 99 68
51 86 37
6 74 91
95 86 11
38 35 1
34 41 6
55 93 28
78 32 62
7 56 99
51 2 65
91 90 52
62 5 18
38 19 8
64 70 4
1 41 94
91 97 67
22 54 68
0 56 23
41 1 81
9 11 61
2 43 23
75 18 30
83 45 42
13 57 77
50 34 77
34 80 7
64 70 78
35 67 37
18 16 38
26 30 60
84 37 48
44 34 58
38 52 30
62 49 79
87 38 60
68 81 32
84 38 12
65 18 14
15 33 2
41 13 74
1 98 81
1 43 85
63 40 71
24 0 22
69 41 60
78 55 7
89 61 81
45 3 87
1 11 59
12 59 34
6 45 10
87 54 74
99 63 64
87 97 69
21 89 24
82 58 83
47 71 63
17 75 88
14 34 52
63 21 53
57 50 69
85 25 75
69 11 5
2 50 57
53 56 71
21 77 4
96 61 19
55 28 40
47 5 52
19 14 69
14 14 92
59 21 48
82 74 96
20 75 58
77 61 70
70 18 59
30 26 71
8 94 38
8 11 95
53 55 2
4 27 44
49 11 0
4 58 52
95 51 39
4 63 43
16 67 77
69 11 28
70 10 55
70 50 88
54 43 11
11 12 2
53 78 62
40 82 87
52 51 37
36 17 58
23 71 55
63 95 21
8 39 18
78 15 79
28 34 49
23 14 12
50 99 69
92 10 36
84 58 75
10 89 29
5 72 0
64 5 84
67 79 15
73 3 23
77 51 21
31 17 76
23 27 74
28 28 8
21 94 67
50 15 20
7 26 79
80 51 93
38 54 40
96 27 3
28 77 86
72 45 99
15 92 92
72 45 78
8 48 85
59 32 44
1 16 86
81 77 11
54 62 58
76 44 22
42 77 6
68 22 2
91 33 63
54 30 52
98 13 11
16 26 52
84 93 52
42 68 34
8 65 71
91 48 44
36 92 55
43 13 63
46 56 19
22 81 34
65 90 61
30 97 87
2 3 34
62 81 33
32 1 16
96 6 9
22 52 31
46 93 86
89 61 95
0 7 88
9 54 15
2 69 3
77 4 35
36 66 61
42 13 95
41 12 5
23 68 2
93 47 92
62 11 99
84 16 64
60 44 38
50 17 32
51 32 59
54 92 6
97 23 96
60 12 11
29 97 19
34 52 72
40 19 37
91 40 35
33 26 56
69 48 80
65 67 51
76 67 59
72 83 87
54 65 68
82 9 57
81 77 12
13 48 8
14 69 39
35 24 43
27 18 12
29 85 18
76 26 94
10 71 66
46 18 43
99 16 21
96 55 80
95 16 19
81 14 81
16 56 29
52 23 81
0 6 9
28 40 47
86 48 71
93 8 41
54 78 68
63 75 0
89 9 95
14 34 37
58 4 15
79 0 25
35 44 29
32 25 1
56 82 64
50 0 98
65 84 36
94 25 39
45 59 99
78 81 33
52 85 41
88 68 68
49 79 31
16 9 96
59 74 66
71 0 63
93 94 54
18 15 20
75 49 47
2 48 41
48 20 64
65 62 3
0 92 99
10 15 12
56 36 82
59 14 60
84 53 30
29 97 1
77 57 97
96 35 9
90 46 99
50 81 23
86 49 21
29 78 76
57 53 19
62 68 64
21 70 18
71 7 99
40 13 89
81 36 80
68 74 23
11 23 60
34 45 80
13 95 5
46 18 89
8 38 17
77 10 51
41 97 99
0 62 86
47 52 1
38 89 92
70 48 38
27 5 90
88 7 15
99 41 14
21 6 21
63 19 26
32 41 3
11 99 93
96 63 7
92 99 7
46 58 58
62 22 33
27 41 35
57 40 46
44 99 77
32 50 95
12 93 73
64 27 62
65 25 58
13 22 56
42 20 38
48 22 75
20 71 21
74 14 24
30 94 17
58 80 67
38 18 30
10 8 84
14 64 77
50 73 8
54 18 15
45 55 2
38 76 96
12 25 24
23 87 69
84 77 98
12 10 48
46 25 90
32 80 69
80 54 26
31 85 27
47 74 62
81 53 27
61 33 72
18 89 67
72 68 0
3 34 13
44 64 22
75 20 22
4 41 49
79 93 6
76 5 83
72 98 13
46 15 34
31 72 51
17 57 45
32 28 9
19 87 37
84 7 70
48 97 20
93 75 26
90 40 43
28 60 68
29 80 25
46 77 38
75 31 9
38 19 15
13 99 77
54 32 75
7 6 33
83 42 30
95 30 29
14 35 81
31 46 28
83 56 35
70 43 9
99 51 76
59 60 56
5 43 85
10 86 70
90 27 33
30 50 36
42 28 21
99 18 45
67 33 55
18 96 23
53 48 78
51 32 35
53 90 51
6 85 58
34 99 45
66 58 6
55 31 89
88 31 38
82 89 69
56 94 47
67 26 94
67 65 67
67 44 22
58 96 53
55 6 82
81 86 2
54 24 13
75 44 29
37 4 13
8 36 94
30 81 82
72 89 39
6 52 40
24 93 31
7 52 3
48 53 83
20 44 26
51 96 89
91 0 60
89 95 52
62 20 24
49 69 7
38 41 5
52 84 56
48 89 31
33 52 90
69 62 40
12 36 21
25 64 6
54 84 61
84 33 45
16 86 59
74 87 99
37 36 18
97 25 28
51 93 64
46 22 5
28 82 27
94 17 80
67 86 10
58 37 54
13 96 41
86 38 42
54 95 96
75 19 22
95 94 75
86 40 21
90 30 52
75 4 98
90 12 14
9 55 40
45 46 43
67 57 62
24 75 48
57 82 36
34 54 69
80 30 67
88 70 8
22 46 1
47 38 94
14 43 74
49 52 23
28 28 16
78 6 57
16 78 16
17 17 93
31 53 56
82 71 84
63 26 80
56 19 60
9 7 51
38 78 34
23 20 98
84 58 10
13 62 4
97 5 87
34 2 4
77 52 90
67 93 62
35 92 27
79 77 54
46 1 36
76 1 0
1 12 20
89 53 30
80 10 9
67 94 65
83 10 6
20 39 70
77 73 73
73 6 35
97 23 25
50 46 79
87 67 59
58 7 5
87 86 8
9 27 83
33 89 88
30 67 23
47 68 40
99 13 58
92 57 25
23 59 57
17 1 53
89 33 93
46 58 96
80 89 60
32 63 11
76 24 76
43 37 86
16 50 48
65 61 98
54 45 63
25 9 87
13 90 30
14 18 42
12 55 35
98 47 65
27 72 11
52 51 8
76 66 36
97 99 57
81 9 84
4 51 63
20 75 52
14 89 80
3 65 85
77 28 28
70 51 99
38 73 31
82 25 42
78 8 62
9 14 23
40 26 68
55 34 96
96 9 26
23 37 38
56 28 22
66 77 76
49 90 9
35 75 53
29 92 22
25 89 61
75 49 44
13 18 56
33 32 13
90 1 43
49 44 81
33 24 62
25 30 83
52 32 30
37 86 69
62 0 84
93 36 19
8 63 13
70 68 36
72 59 26
59 21 93
21 99 4
82 23 85
73 52 60
93 65 98
50 12 22
95 18 30
92 47 18
9 45 10
91 68 46
14 72 50
53 63 12
25 48 89
54 9 91
6 59 49
10 97 1
76 1 23
25 63 14
22 23 9
41 28 13
94 26 95
53 57 35
16 48 13
70 65 77
74 76 21
97 39 16
65 31 68
85 55 30
35 55 62
67 77 10
51 16 48
70 62 7
27 71 34
82 48 53
94 20 98
23 59 94
28 64 39
24 63 21
36 74 5
97 68 56
28 22 41
99 53 53
56 26 62
22 1 17
35 1 48
98 56 23
91 10 42
38 77 77
51 4 46
7 34 4
69 88 74
52 12 65
85 28 56
92 55 75
32 46 54
28 50 65
49 75 28
47 33 32
99 93 83
92 4 89
4 97 24
91 6 44
78 31 91
57 14 92
69 51 81
31 76 71
68 11 0
55 92 90
42 43 43
4 50 72
66 63 17
19 1 60
88 28 84
51 10 95
61 21 21
92 96 21
57 85 10
26 8 6
87 54 80
57 20 22
39 44 81
69 91 73
23 79 77
26 67 67
56 62 76
57 92 39
65 64 0
7 74 72
90 90 49
22 88 3
56 30 4
92 73 19
83 8 28
61 89 48
2 58 56
69 29 99
89 94 95
83 95 24
34 42 61
60 53 19
73 45 31
43 68 51
9 48 58
87 81 86
90 46 5
72 68 11
68 99 76
0 41 93
10 7 87
60 59 58
2 27 63
34 87 74
76 59 58
76 81 6
37 94 80
80 18 45
65 82 31
93 61 55
28 65 67
40 78 14
25 64 78
25 11 28
92 54 9
81 19 12
33 73 85
52 72 99
36 10 91
59 82 91
87 18 80
59 19 40
68 52 60
64 96 15
54 30 12
7 65 39
61 59 53
20 1 99
21 76 4
17 70 72
76 89 57
78 79 68
43 12 86
49 47 49
68 39 8
15 55 65
73 87 41
75 96 80
18 42 33
69 19 85
78 4 6
77 16 1
70 64 56
88 42 99
85 26 92
42 63 62
2 75 84
41 94 39
57 2 84
59 21 81
23 8 57
26 37 55
3 86 90
16 86 57
18 87 62
71 46 7
56 16 89
47 91 31
53 39 50
32 50 42
82 16 39
73 11 65
70 64 65
97 35 99
2 82 78
75 39 11
98 70 40
52 37 42
27 41 61
17 40 2
30 37 44
51 14 91
12 6 21
36 25 30
49 20 60
35 63 45
32 67 42
79 19 45
24 7 96
34 93 80
39 76 57
74 90 52
70 56 62
33 80 63
43 3 90
6 3 82
80 36 77
72 94 85
94 85 34
48 74 16
61 95 61
16 43 17
87 49 58
70 91 82
26 44 26
96 24 86
66 52 2
61 39 28
15 44 15
65 45 65
79 31 16
66 75 42
41 98 71
81 72 72
77 5 79
49 88 81
16 59 14
53 18 39
74 53 99
99 68 66
28 35 72
25 40 0
75 3 23
59 76 24
62 3 30
12 15 21
47 92 65
39 68 66
80 11 44
76 0 88
62 62 45
89 86 58
90 12 3
72 96 87
44 72 93
89 97 92
84 22 94
78 39 68
65 36 16
19 95 67
29 5 62
88 54 85
9 66 62
7 28 96
26 48 35
20 16 79
53 35 2
77 27 43
90 10 76
65 84 60
11 80 20
81 45 46
24 60 17
27 60 85
25 91 69
54 79 40
28 43 51
74 90 98
84 48 51
3 79 4
93 14 22
3 42 6
89 29 76
82 99 27
47 33 65
74 41 39
11 35 43
75 48 35
32 31 29
15 8 18
18 13 63
30 89 79
27 82 31
78 81 97
43 55 38
20 34 52
69 89 70
89 13 45
8 60 80
14 51 63
22 58 49
46 3 7
14 53 33
41 94 36
70 67 45
91 52 96
90 88 30
27 93 15
87 74 70
27 25 27
34 72 58
73 62 21
84 77 6
96 31 42
38 71 67
95 5 93
47 57 1
1 28 41
21 43 12
94 21 18
44 4 31
19 3 11
49 15 86
44 46 43
44 91 52
27 45 62
94 46 53
26 96 80
67 60 45
4 54 8
86 10 26
7 66 49
10 9 6
30 59 20
21 21 63
52 94 4
91 22 75
45 19 99
52 35 21
52 51 61
33 91 12
15 60 97
8 39 65
89 16 2
97 10 67
53 41 21
24 23 35
58 93 78
47 7 35
67 81 46
70 26 66
24 52 51
63 96 42
28 18 15
10 58 24
82 58 84
50 82 82
94 49 35
11 75 8
71 45 96
18 4 96
60 95 8
7 81 55
30 3 42
83 45 3
6 21 4
18 53 19
39 67 32
37 66 35
30 22 19
27 89 59
98 48 62
59 3 41
30 82 92
